0.83827084
0.0
0.6698515
0.0
0.0
0.3217083
0.44056726
0.51557195
0.62417036
0.0
0.0
0.0
0.0
0.92653096
0.7457959
0.57635134
0.68421
0.7116498
0.5193981
0.0
0.56329715
0.0
0.84223473
0.20029113
0.0
0.5078577
0.0
0.7173037
0.35587004
0.845327
0.72251886
0.24788299
0.0
0.5011652
0.0
0.0
0.63949776
0.0
0.0
0.13782504
0.36458746
0.6608723
0.0
0.53490376
1.0
0.0
0.56663495
0.78116953
0.100899115
0.0
0.8086698
0.47947732
0.74990267
0.0
0.42713732
0.5082873
0.0
0.22880663
0.7060124
0.86732507
0.6625334
0.0
0.66348946
0.0
0.431478
0.5472554
0.25999466
0.4379054
0.54140466
0.68804914
0.0
0.89225686
0.7022683
0.38404697
0.0
0.7279654
0.0
0.57674944
0.0
0.8393531
0.0
0.4931973
0.7318495
0.4178461
0.0
0.0
0.42219543
0.15218268
0.69473344
0.5346959
0.7854967
0.6137315
0.38258535
0.0
0.17618129
0.3296663
0.6151046
0.76279813
0.0
0.54949987
0.65672
0.9748299
0.9748299
0.0
0.0
0.0
0.68787706
0.6917327
0.56639093
0.79193914
0.76383144
0.51950014
0.70770293
0.0
0.58446306
0.0
0.0
0.0
0.30507335
0.81002337
0.51814854
0.73978627
0.0
0.25051913
0.80625695
0.5789151
0.0
0.0
0.7622113
0.0
0.81715095
0.5373152
0.4553243
0.45476153
0.6795525
0.7186222
0.0
0.4041664
0.0
0.81132823
0.9470942
0.7348598
0.0
0.0
0.59978
0.0
0.83302677
0.0
0.73930204
0.63736326
0.0
0.0
1.0000001
0.564495
1.0000001
0.62570155
0.0
0.50094444
0.65737516
0.18392633
0.0
0.38819885
0.7663023
0.0
1.0
0.93819225
0.9604056
0.5115938
0.84344184
0.38120165
0.73135376
1.0
0.0
0.5702408
0.7524982
0.99999994
0.84299684
0.7990172
0.7471957
0.0
0.0
0.7625855
0.0
0.7997825
0.38953027
0.0
0.61134946
0.5111708
0.45679638
0.71892786
0.32134217
0.3002322
0.46985173
0.6731904
0.2886847
0.3124842
0.25849977
0.4957792
0.31656227
0.7095173
0.2906574
0.0
0.5524502
0.3384985
0.60899806
0.0
0.54616547
0.0
0.0
0.70258826
0.7618128
0.34893054
0.87287587
0.3356539
0.0
0.0
0.0
0.8607624
0.6980501
0.7067961
0.83535117
0.90357435
0.8426654
0.0
0.95420825
0.6334887
0.0
0.92861646
0.9274411
0.0
0.8745158
0.18752754
0.0
0.75187105
0.99999994
0.6780513
0.0
0.0
0.5958007
0.63991207
0.46760708
0.48149112
0.0
0.0
0.0
0.0
0.2151783
0.43972212
0.0
0.0
0.8011091
0.0
0.0
0.0
0.0
0.687201
0.86744666
0.0
0.0
0.0
0.76529086
0.6519753
0.6943885
0.5951234
0.5360462
0.0
0.0
0.0
0.6522918
0.6426259
0.76872337
0.21656239
1.0000001
0.50864154
0.8628003
0.69448644
0.2696042
0.0
0.69153863
0.97696173
0.67817605
0.45269665
0.48341885
0.690693
0.9725283
0.0
0.50867975
0.8377149
0.5627243
0.0
0.4908435
0.45679697
0.5832773
0.6953558
0.76672965
0.5927555
0.749177
0.7286058
0.2630342
0.0
0.0
0.9999999
0.9390426
0.75497884
0.28405178
0.3567302
0.0
1.0
0.0
0.483352
0.99999994
0.42607594
0.7879848
0.2818577
0.0
0.6794533
0.8042447
0.7582313
0.2967795
0.7031121
0.40906024
0.12207015
0.0
0.0
0.0
0.0
0.653005
0.33889985
0.0
0.65116656
0.41971546
0.2534479
0.27255127
0.80829984
0.9762268
0.0
0.73801404
0.9168408
0.6870697
0.0
0.8070109
0.72063327
0.0
0.18032433
0.0
0.0
0.59802157
0.0
0.88725424
0.0
0.0
0.0
0.0
0.53239375
0.0
0.7066503
0.47034785
0.74775577
0.0
0.65802366
0.0
0.9725283
0.7095173
0.0
0.7095173
0.65914124
0.79902965
0.2883679
0.54504555
0.7275938
0.7464128
0.3346282
0.0
0.62576693
0.8296326
0.0
0.42630723
0.0
0.6797646
0.5796871
0.0
0.89495224
0.0
0.45672596
0.8589684
0.5439018
0.96932006
0.71389157
0.39374632
0.75166196
0.4532343
0.6470221
0.30970192
0.0
0.0
0.5264162
0.698692
0.0
0.33549207
0.7010109
0.45306808
0.50643677
0.72027147
0.0
0.70049155
0.0
0.88672245
0.60138637
0.0
0.23597388
0.79618096
0.0
0.77276874
0.32472098
0.6889437
0.77999437
0.40130356
0.73002315
0.6438204
0.41666895
0.8714537
0.71981835
0.6023185
1.0
0.59223014
0.6821727
0.6093262
0.6391211
0.53713435
0.0
0.9109261
0.53496283
0.5174327
0.6927904
0.89035565
0.0
0.6210328
0.78364563
0.25136405
0.57767296
0.80549264
0.0
0.69265425
0.0
0.412308
0.3124261
0.7352633
0.6912281
0.6438204
0.50529224
0.71314484
0.0
1.0
0.0
0.0
0.5319438
0.99999994
0.87600535
0.6060181
0.6993811
0.0
1.0
0.99999994
0.0
0.0
0.99999994
0.0
1.0
0.75131685
0.8650517
0.0
0.99999994
0.46145818
0.9999999
0.0
0.94832164
0.0
0.1044887
0.0
0.0
0.8422461
0.0
0.0
0.48399863
0.74649346
0.49472553
0.94499755
0.0
0.0
0.0
0.0
0.5905892
0.63609636
0.0
0.6998181
0.7781934
0.5775213
0.0
0.0
0.47199222
1.0
0.0
0.0
1.0
0.5022553
0.7013401
0.0
0.0
0.0
0.53951055
0.0
0.7494424
0.7073959
0.6915337
0.0
0.8426333
0.6049013
0.90361387
0.6513944
0.0
0.861267
0.8521178
0.7474172
0.8842069
0.0
0.6633304
0.7809823
0.8489708
0.7131744
0.6872425
0.5326583
0.62432414
0.0
0.888703
0.0
1.0
0.59343314
0.73806685
0.627278
0.7792066
0.6905131
0.7497003
0.6661131
0.0
0.6649244
0.78419894
0.0
0.0
0.0
0.0
0.507958
0.9079319
0.9506129
0.6476294
0.0
0.0
0.67270786
0.0
0.9881834
0.0
0.0
0.0
0.0
0.0
0.7183159
0.8715864
0.642848
0.57704324
0.0
0.6964267
0.71364325
0.7965246
0.5379685
0.53202343
0.8307134
0.7392981
0.5493942
0.5152776
0.69349706
0.0
0.20632151
0.32053018
0.8504597
0.9196338
0.73095036
0.73241603
0.47008657
0.75976956
0.6280018
0.0
0.5069627
0.37846047
0.16528347
0.6968668
0.8687318
0.58951515
0.5497031
0.51356417
0.0
0.26631266
0.0
0.82464206
0.57044697
0.0
0.8422937
0.6235062
0.76288813
0.7248387
0.8470171
0.0
0.0
0.3384862
0.41808215
0.13794324
0.80715597
0.0
0.8501582
0.0
0.7240497
0.0
0.7139854
0.40880126
0.0
0.24154314
0.85067946
0.74972546
0.79250693
0.71364325
0.94809574
0.0
0.31075418
0.0
0.8474999
0.83891034
0.0
0.60138613
0.6348451
0.69654655
0.0
0.8059758
0.36996892
0.0
0.67165846
0.0
0.90474254
0.40971777
0.0
0.38697657
0.69684964
0.0
0.48598567
0.0
0.63060474
0.7993414
0.0
0.0
0.7746303
0.8002907
0.56566256
0.6619752
0.7194093
0.0
0.5154698
0.63667023
0.0
0.8008587
0.0
0.32774
0.43684888
0.6067315
0.67603016
0.59358877
0.0
0.70565957
0.0
0.37213853
0.0
0.0
0.7256419
0.5768577
0.0
0.0
0.0
0.0
0.4146114
0.7415161
0.7649347
0.60549843
0.0
0.63485825
0.6801762
0.0
0.0
0.0
0.0
0.0
0.0
0.0
0.46845195
0.0
0.6823758
0.0
0.7932453
0.0
0.0
0.34195805
0.0
0.26898384
0.42317984
0.6573129
0.56126136
0.0
0.0
0.6511264
0.6881978
0.5311796
0.0
0.0
0.19084431
0.46595356
0.0
0.4576174
0.0
0.0
0.36246267
0.0
0.76022804
0.6787177
0.0
0.40157792
0.3090144
0.0
0.31144413
0.4071093
0.0
0.0
0.48964244
0.0
0.0
0.0
0.0
0.4606104
0.0
0.0
0.8011579
0.0
0.6892983
0.0
0.60294425
0.3698503
0.0
0.0
0.0
0.57828194
0.34423736
0.5634965
0.3135248
0.0
0.0
0.44092482
0.0
0.86502475
0.621071
0.0
0.76415765
0.0
0.0
0.8797454
0.0
0.0
0.8710073
0.0
0.0
0.6410076
0.5759438
0.0
0.0
0.94227815
0.7218178
0.0
0.0
0.43146184
0.7357256
0.91659176
0.0
0.0
0.9632635
0.69744587
0.0
0.0
0.7079984
0.45011216
0.0
0.490536
0.5182566
0.576968
0.4768471
0.60465217
0.64201
0.6420385
0.0
0.0
0.8829039
1.0000001
0.69935274
0.96452713
1.0000001
0.28996822
0.0
0.8199315
0.75464463
1.0000001
0.0
0.39379048
0.20768243
0.0
0.32687384
0.6978985
0.42538628
0.4645108
0.4641512
0.29953736
0.6832672
0.43990833
0.0
0.6398936
0.0
0.0
0.0
0.6758055
0.89775115
0.6146536
0.59030455
0.0
0.0
0.9632635
0.5935343
0.0
0.0
0.0
0.0
0.0
0.7041926
0.8276979
0.0
0.0
0.5362894
0.59410685
0.0
0.72196054
0.0
0.0
0.0
0.79049224
0.7122659
0.71377003
1.0000001
0.7124179
0.6016341
0.0
0.32944468
0.596971
0.4924377
0.0
0.8426024
0.0
0.8076084
0.6546487
0.675132
0.24585988
0.72433174
0.6625179
0.7461507
0.6536253
0.6540291
0.75079536
0.6486202
0.61742747
0.92717713
0.60061425
0.54114246
0.8068398
0.57544005
0.5825268
0.7889876
0.0
0.7765246
0.7531395
0.86268574
0.70937616
0.49182954
0.8114222
0.8052643
0.7320764
0.6949829
0.21703896
0.50266325
0.8931068
0.7441849
0.0
0.764461
0.79046685
0.7650294
0.73677164
0.68772763
0.579873
0.60812795
0.61288357
0.3224772
0.67833257
0.87253314
0.59311974
0.7682891
0.5378357
0.54565257
0.67751676
0.60966736
0.15116595
0.5112096
0.16368522
0.58343554
0.7121895
0.42502543
0.0
0.0
0.7803747
0.4629216
0.74312824
0.0
0.33532766
0.0
0.3989092
0.54376984
0.88031477
0.63957447
0.0
0.78387976
0.49039403
0.85362756
0.64368397
0.8998408
0.8416106
0.47464892
0.7254912
0.49761498
0.51121277
0.40890107
0.0
0.0
0.65324414
0.5905887
0.48452047
0.6920595
0.6163124
0.7891678
0.62502885
0.90785587
0.16251808
0.6269092
0.0
0.4968217
0.8735379
0.0
0.48119983
0.0
0.4484504
0.5592202
0.0
0.6519411
0.0
0.0
0.7128577
0.7854892
0.71448874
0.7131449
0.41443735
0.7500567
0.0
0.35414374
0.5601845
0.0
0.0
0.5377431
0.0
0.67857325
0.0
0.7383643
0.8409238
0.0
0.8489757
0.75864863
0.5772576
0.42325932
0.7501736
0.43413168
0.50887525
0.8088713
0.512705
0.0
0.5398985
0.35646206
0.5935743
0.33205107
0.0
0.0
0.7022793
0.46751305
0.7022793
0.48413756
0.75548756
0.0
0.0
0.0
0.0
0.59668845
0.7549758
0.0
0.0
0.0
0.85812247
0.2866759
0.44751105
0.0
0.0
0.32299286
0.0
0.8733422
0.56234413
0.0
0.9065921
0.0
0.701283
0.7072126
0.58908653
0.455093
0.0
0.0
0.0
0.71693987
0.7063911
0.8308018
0.7806543
0.68148506
0.8613939
0.0
0.45881796
0.0
0.76433104
0.5118175
0.0
0.0
0.0
0.5124096
0.5128829
0.0
0.38828993
0.0
0.4679309
0.0
0.4644339
0.5449788
0.0
0.6792929
0.0
0.0
0.0
0.63156825
0.79750425
0.7580326
0.0
0.39081973
0.40755653
0.0
0.0
0.0
0.7281259
0.5352234
0.3993138
0.0
0.0
0.27325225
0.0
0.29725122
0.0
0.3854603
0.0
0.5640757
0.5669694
0.0
0.75126827
0.84612983
0.0
0.5728509
0.56497777
0.0
0.0
0.8661612
0.0
0.7633339
0.0
0.24610703
0.0
0.0
0.50092643
0.4715243
0.0
0.5820537
0.0
0.7920317
0.7124675
0.0
0.1272172
0.0
0.0
0.72661084
0.0
0.0
0.7425678
0.28767937
0.0
0.0
0.78818226
0.97890055
0.0
0.0
0.7704039
0.0
0.0
0.80840844
0.75800276
0.9889239
0.0
0.37701616
0.77927107
0.0
0.70033175
0.0
0.6207191
0.61720663
0.42213216
0.66759163
0.7825073
0.7605403
0.76224554
0.3545379
0.34243587
0.6549953
0.61843187
0.0
0.0
0.0
0.61337394
0.0
0.47384483
0.0
0.779124
0.67902136
0.0
0.67994165
0.32814488
0.0
0.5540924
0.6924755
0.64820737
0.0
0.6590435
0.0
0.0
0.0
0.7275608
0.0
0.3778422
0.0
0.7333943
0.4529076
0.6555748
0.0
0.6198167
0.0
0.10407657
0.0
0.0
0.46490222
0.0
0.3813928
0.4528639
0.0
0.0
0.0
0.0
0.7219757
0.46701217
0.575802
0.0
0.50125736
0.7316918
0.0
0.6237824
0.72398245
0.64023405
0.0
0.16920526
0.44050318
0.0
0.43596512
0.72824377
0.5625633
0.0
0.0
0.0
0.36662856
0.0
0.80787426
0.0
0.5696491
0.30600342
0.37769035
0.0
0.52867824
0.0
0.69529724
0.2877281
0.46556237
0.0
0.21338403
0.5251827
0.5107674
0.37854457
0.39232767
0.44418982
0.9381917
0.0
0.0
0.0
0.46104
0.52195984
0.0
0.33643386
0.38843268
0.51178014
0.0
0.38573486
0.6162892
0.0
0.77642787
0.0
0.0
0.5800725
0.531233
0.38176882
0.6074961
0.67384964
0.7720358
0.0
0.412786
0.0
0.69441026
0.57705694
0.0
0.7732341
0.79048514
0.34177643
0.36084914
0.3675924
0.61803323
0.6691817
0.0
0.3007
0.4230755
0.34765542
0.73805195
0.45876762
0.0
0.52117777
0.70062894
0.63632727
0.46166322
0.8913431
0.759789
0.0
0.3754612
0.7201177
0.42313787
0.0
0.0
0.41386467
0.0
0.0
0.43721476
0.602503
0.44503558
0.30690637
0.17934437
0.0
0.0
0.0
0.0
0.24031597
0.0
0.5348043
0.49742192
0.38291278
0.0
0.0
0.0
0.65649974
0.8239188
0.49709132
0.35447815
0.0
0.0
0.7781666
0.0
0.37286672
0.53099763
0.5146481
0.0
0.5368341
0.59145963
0.25493088
0.0
0.8468389
0.25825685
0.62560564
0.3521846
0.4350933
0.30217513
0.36403984
0.6159721
0.32211658
0.4966237
0.0
0.7886341
0.39591813
0.43904442
0.42258567
0.4489541
0.39951873
0.5164165
0.0
0.6607069
0.6732244
0.51555634
0.52412397
0.8325319
0.0
0.6816395
0.35381117
0.62344295
0.53640115
0.5527494
0.34210342
0.6831001
0.79342335
0.32260898
0.0
0.0
0.0
0.7469856
0.40074432
0.37163702
0.0
0.0
0.0
0.5599557
0.0
0.40377724
0.0
0.45505106
0.0
0.46813327
0.5054228
0.7087577
0.0
0.0
0.3253816
0.43075067
0.8629537
0.0
0.393906
0.40753323
0.6860996
0.6565919
0.9055988
0.71887684
0.70852107
0.31291425
0.0
0.0
0.5381623
0.0
0.8750319
0.897029
0.5979517
0.38938814
0.3710062
0.24421059
0.43612337
0.49678728
0.8310273
0.0
0.49120682
0.7015266
0.81397474
0.717419
0.31971997
0.53762776
0.52451706
0.0
0.63586646
0.0
0.0
0.0
0.52725935
0.63300157
0.80147034
0.0
0.0
0.5397406
0.46564674
0.799963
0.72536695
0.69042754
0.3195246
0.11779277
0.49561292
0.5061229
0.58074194
0.44305053
0.7581934
0.23730494
0.632457
0.11175432
0.5957655
0.4081356
0.516031
0.58572793
0.77532715
0.27980137
0.32837933
0.323423
0.0
0.0
0.0
0.0
0.0
0.0
0.0
0.73994285
0.43428236
0.35552335
0.0
0.0
0.0
0.0
0.61880153
0.40937835
0.9621332
0.116679855
0.8999719
0.77496517
0.6311912
0.0
0.0
0.0
0.0
0.0
0.28139964
0.54574215
0.0
0.0
0.87478685
0.6044016
0.30789346
0.7050305
0.6906395
1.0
0.3294408
0.8850771
0.68969315
0.80187464
0.899784
0.8221473
0.79890954
0.6340667
0.6413313
0.4703031
0.5157829
0.4985926
0.60387003
0.4632751
0.59410816
0.3510003
0.70051956
0.39689368
0.67571366
0.6458679
0.17875732
0.84860146
0.7639345
0.30319524
0.5291767
0.5478256
0.0
0.55538964
0.84577686
0.58044827
0.0
0.58963406
0.27745286
0.0
0.7238629
0.5341458
0.55236965
0.7641465
0.8211888
0.543752
0.6221623
0.38752615
0.45255288
0.25403658
0.5975087
0.0
0.0
0.0
0.0
0.0
0.0
0.46568057
0.72765505
0.6050774
0.74126834
0.91670066
0.3297809
0.62545735
0.4731936
0.49440485
0.5557999
0.28771722
0.24110995
0.21065746
0.5118002
0.7254737
0.7495239
0.61369467
0.7654912
0.5436831
0.0
0.6649993
0.06993723
0.9175399
0.789403
0.9250963
0.4153638
0.7343589
0.41397852
0.0
0.0
0.92089915
0.7277102
0.9056355
0.7404597
0.7839402
0.5691689
0.35042444
0.30050656
0.0
0.5873956
0.40334722
0.80796635
0.0
0.64167935
0.71348315
0.7137172
0.5361517
0.17141429
0.728973
0.3105095
0.5616387
0.88704854
0.6744853
0.7978738
0.5582639
0.32659775
0.51347476
0.33163515
0.3344036
0.0
0.68990415
0.4535056
0.0
0.0
0.0
0.6076448
0.811693
0.72371316
0.4746254
0.6844113
0.76073694
0.7333591
0.7866601
0.72604764
0.0
1.0000001
0.40147525
0.38611022
0.59289056
0.5299279
0.6518748
0.593569
0.45398226
0.5084532
0.4792938
0.76650167
0.23724718
0.0
0.48549902
0.7007703
0.3347864
0.7775183
0.0
0.0
0.620345
0.6165998
0.5986929
0.7765257
0.0
0.41156647
0.0
0.4062229
0.17147714
0.0
0.0
0.7430848
0.7092706
0.2584884
0.7420195
0.630495
0.0
0.3650224
0.79171544
0.0
0.5035132
0.6879141
0.1509512
0.6089417
0.4382267
0.28120577
0.5684675
0.3223743
0.3954973
0.8086959
0.3884473
0.21750534
0.0
0.92618203
0.608692
0.48140064
0.22915243
0.0
0.0
0.56828266
0.0
0.73214626
0.4440886
0.49395642
0.6095406
0.5370939
0.49366048
0.5323587
0.8386796
0.31848606
0.28790644
0.7160312
0.19206838
0.9226588
0.0
0.35201296
0.2681265
0.48305276
0.27553838
0.0
0.0
0.593561
0.45327294
0.4907804
0.42171788
0.43688115
0.51504785
0.5450717
0.19418348
0.7131167
0.75729024
0.8814243
0.7133075
1.0
0.788246
0.42663696
0.91595465
0.7579473
1.0
0.46939954
0.9048951
0.88431525
0.7288428
0.8719113
0.8006752
0.46769568
0.7868991
0.84903663
0.72301435
0.8361409
0.7193379
0.0
0.7672381
0.7538523
0.70446485
0.7198512
0.0
0.20050922
0.7785001
0.8277978
0.7549057
0.8783598
0.0
0.80159175
0.99999994
0.85540396
0.0
0.82445717
1.0
0.7535858
0.53735816
0.63660574
0.45590279
0.75904155
0.0
0.0
0.23504224
0.6782709
0.526321
0.0
0.4841678
0.6760254
0.77820534
0.0
0.0
0.82071006
0.41157568
0.0
0.7305556
0.0
0.77104163
1.0
0.80857515
0.30402753
0.0
0.0
0.16472253
0.0
0.0
0.6236494
0.299154
0.65310967
0.0
0.5198828
0.4968868
