0.0
0.0
0.6049344
0.0
0.0
0.0
0.3900059
0.8747406
0.46860233
0.0
0.0
0.0
0.0
1.0
1.0000001
0.68803656
0.0
0.18012242
0.0
0.092474975
1.0
0.0
0.8355068
0.0
0.0
0.101473965
0.0
0.03835076
0.22280386
0.02988596
0.0
0.0
0.0
0.0
0.0
0.0
0.36786544
0.0
0.0
0.026112512
0.042941786
0.0
0.0
0.0
0.6418373
0.0
0.0
0.0
0.0
0.0
0.0
0.0
0.0
0.0
0.0
0.0
0.0
0.22761583
0.7524825
0.0
0.0
0.0
0.5886692
0.0
0.0
0.0
0.22257492
0.0
0.0
0.01697664
0.0
0.0
0.029157624
0.25204372
0.0
0.0
0.0
0.22103249
0.0
0.0
0.0
0.0
0.0
0.110654086
0.0
0.0
0.0
0.0
0.0
0.0
0.0
0.014143676
0.0
0.0
0.0
0.0
0.67538774
0.67871165
0.0
0.49966198
0.0
0.0
0.0
0.0
1.0
0.0
0.0
0.0
0.0
0.7875339
0.55642205
0.6352369
0.0
0.0
0.17298609
0.0
1.0
1.0
0.0
0.0
0.0
0.99999994
0.0
0.0
0.0
0.0
0.0
0.0
0.59696954
0.53177035
0.6314311
0.0
0.0
0.0
0.32080448
0.8504519
0.48525798
0.0
0.0
0.37494564
1.0
0.5545052
0.0
0.0
1.0000001
0.0
0.66962117
0.0
0.0
0.0
0.0
0.0
0.9999999
1.0
0.9999999
0.0
0.0
0.0
0.0
0.07322063
0.0
0.23339589
1.0
0.0
1.0
0.9298198
0.0
0.15580752
0.10750562
0.0
0.0
0.0
0.0
0.72808087
0.0
0.0
0.0
1.0
0.0
0.1560306
0.0
0.4296419
0.0
1.0
0.5061218
0.0
0.0
0.0
0.06981206
0.81085587
0.2518957
0.0
0.23705283
0.50891453
0.0
0.22168905
0.23333214
0.6066848
0.0
0.0
0.06584293
0.0
0.0
0.0
0.0
0.0
0.0
0.0
0.0
0.0
0.0
0.0
0.97898024
0.3833006
0.0
0.0
0.0
0.86279
0.99999994
0.6269815
0.87691337
0.0
1.0
0.0
0.0
0.0
0.0
1.0
0.0
0.0
0.79362565
0.0737543
0.0
0.795507
1.0
0.0
0.0
0.0
0.0
0.0
0.0
0.0
0.0
0.0
0.0
0.0
0.0
0.0
0.10220066
0.15844052
0.0
0.0
0.8466019
0.0
0.0
0.0
0.69354945
0.0
0.0
0.0
0.0
0.54117876
0.5445007
0.48586553
0.504616
0.0
0.0
0.0
0.1731351
0.50298023
0.0
0.4560736
0.8544931
0.04776682
0.0
0.71039134
0.0
0.0
0.13583688
1.0
0.7803755
0.0
0.0
0.0
0.0
0.07109354
0.0
0.0
0.38685012
0.20234439
0.9069551
0.465993
0.0
0.6853552
0.0
0.19451767
0.51383066
0.0
0.8747067
0.0
0.0
1.0
0.8742834
0.0
0.0
0.5871951
0.0
1.0
0.0
0.0
0.0
0.0
0.0
0.0
0.0
0.6794293
0.7906311
0.0
0.400218
0.22119346
0.08676288
0.21021645
0.0
0.0
0.0
0.0
0.5721642
0.024133978
0.0
0.08617276
0.0
0.32220858
0.17866823
0.0
0.0
0.0
1.0
0.0
0.0
0.0
0.0
1.0
0.0
0.0
0.0
0.0
1.0000001
0.0
0.0
0.0
0.0
0.0
0.0
0.0
0.0
0.0
0.0
0.7637777
0.0
0.0
0.0
0.0
0.0
0.0
0.0
0.0
0.6620862
0.0
0.0
0.0
0.0
0.0
0.0
0.0
0.0
0.0
0.0
0.0
0.0
0.27727067
0.0
0.08169379
0.0
0.0
0.0
0.0
0.0
0.0
0.54078245
0.8247856
0.0
0.16016144
0.0
0.0
0.07073377
0.62709713
0.0
0.0
0.3433938
0.0
0.0
0.618954
0.0
0.0
0.7839852
0.0
0.0
1.0
0.0
0.8302377
1.0000001
0.14427228
0.5298338
0.0
0.0
0.0
0.5922586
0.0
0.0
0.30061403
0.56837904
0.23162273
0.0
0.0
0.0
0.0
0.67809314
0.69053346
0.0
0.0
0.0
0.027039291
0.0
1.0000001
1.0
0.0
1.0
0.70677346
0.31852028
0.0
0.6527445
0.0
0.6738918
0.0
0.0
0.19733845
0.73741555
0.5165045
0.0
0.0
0.0
0.0
1.0000001
0.0
0.0
0.6498259
0.0
0.53251225
1.0000001
0.0
0.0
1.0
0.0
0.0
0.0
1.0
0.0
0.0
0.72845364
0.0
0.0
1.0
0.42667538
0.0
0.0
0.85495853
0.0
0.04549946
0.0
0.0
0.0
0.0
0.0
0.22244734
0.21444365
0.18159992
1.0000001
0.0
0.0
0.0
0.0
0.0
0.80900955
0.0
0.6620703
0.0
0.0
0.0
0.0
0.0
1.0000001
0.0
1.0
0.0
0.0
0.0
0.0
0.0
0.0
0.0
0.0
0.09894829
0.7975537
0.0
0.0
0.0
0.0
0.0
0.99999994
0.0
0.0
0.0
0.0
1.0000001
0.0
0.0
0.942468
0.3332214
0.68761563
0.0
0.0
0.74682605
0.0
0.0
0.53113836
0.5260442
0.6607487
0.0
0.5724731
0.99999994
0.5350692
0.7028222
0.7199546
0.0
0.0
0.27512908
0.0
0.0
0.0
0.72895235
0.0
0.0
0.99999994
0.0
0.0
0.0
0.45478874
0.0
0.7372718
0.0
0.0
0.0
1.0
0.0
0.0
0.0
0.0
0.57530075
0.22984332
0.0
0.0
0.65751594
0.0
0.0
0.0
0.0
0.0
0.0
0.0
0.0
0.0
0.0
0.0
0.0
0.0
0.0
0.0
0.52809626
0.6710239
0.0
0.0
0.0
0.0
0.0
0.0
0.0
0.6303165
0.0
0.0
0.0
0.0
0.7952751
0.0
0.0
0.0
0.0
0.7155055
0.0
0.8755755
0.0
0.0
0.04987007
0.0
0.0
0.0
0.0
0.0
0.0
0.0
0.0
0.0
0.0
0.0
0.0
0.0
0.0
0.0
0.0
0.0
0.0
0.0
0.0
0.0
0.6727908
0.0
0.0
0.69947803
0.6768859
0.0
0.6908225
0.0
0.0
0.0
0.0
1.0
0.0
0.0
0.0
0.0
0.0
0.0
0.0
0.68698174
0.0
0.0
0.0
0.072782025
0.59972835
0.0
0.7457996
0.0
0.0
0.0
1.0000001
0.0
0.878728
0.0
0.0
0.0066140164
0.20120902
0.1977557
0.53015566
0.0
0.14506193
0.0
0.0
0.0
0.0
0.57149607
0.06105352
0.0
0.0
0.0
0.0
0.0
0.0
0.0
0.40387535
0.0
0.5224447
0.0
0.0
0.0
0.0
0.0
0.0
0.0
0.0
0.5553057
0.3027406
0.086348236
0.0
0.11883152
0.0
0.0
0.6339652
0.0
0.0
0.06439164
0.09445993
0.0
0.0
0.0
0.0
0.7040712
0.0
0.0
0.0
0.0
0.0
0.0
0.0
0.0
0.0
0.0
0.06230486
0.0
0.08659178
0.0
0.0
0.105212115
0.034723576
0.0
0.0
0.0
1.0
0.0
0.0
0.0
0.0
0.0
0.0
1.0000001
1.0
0.0
0.0
0.20793445
0.0
0.14137118
0.0
0.0
0.0
0.0
0.5875544
0.2803302
0.6912257
0.34467787
0.0343521
0.0
0.0
0.0
0.0
0.5382234
0.0
0.45413756
0.0
0.0
0.0
0.0
0.0
0.08003316
0.0
0.0
0.8068412
0.0
0.0
0.0
0.80680656
0.58290577
0.0
0.0
0.0
0.0
0.0
1.0000001
0.0
0.95756334
0.0
0.0
0.0
0.0
0.11831942
0.0
0.0
0.0
0.8095602
0.7244288
0.0
0.7235542
0.0
0.0
0.0
1.0
0.9999999
0.70920473
0.0
0.0
0.0
0.0
0.0
0.67436343
0.8138542
0.0
0.6583245
0.0
0.0
0.0980024
0.0
0.93305516
0.7174579
0.0
0.0
0.7058317
0.0
0.0
0.0
0.0
0.0
0.0
0.0
0.0
0.0
0.0
0.0
0.0
0.95756334
0.0
0.0983466
0.0
0.0
0.0
0.0
0.0
0.11689259
0.0
0.0
0.0
0.41092134
0.0
0.0
0.0
0.0
0.0
1.0
0.0
0.0
0.0
0.6406356
0.0
0.0
0.20456374
0.0
0.1941215
0.0
1.0
0.6725177
0.3342821
0.6185817
0.23924343
0.0
0.0
0.5779266
0.0
0.0
0.39627323
0.80299914
0.5241978
0.17986764
0.7416512
0.7460388
0.23284742
0.0
0.66627264
0.19485681
1.0000001
0.3414784
0.0
0.7040515
0.9055408
0.33411616
0.060770705
0.76992846
0.0
0.7883879
0.7560117
0.0
0.0
0.9999999
0.479713
0.0
0.0
0.6706062
0.0
1.0
0.0
0.0
0.7883879
0.76373076
0.30867112
0.0
0.0
0.0
0.88556814
0.08593216
0.22937782
0.8677529
0.78095317
0.0
0.0
0.710356
0.0
0.17494926
0.0
0.0
0.0
0.44394904
0.18705662
0.8369828
0.0
0.0
0.0
0.0
0.53611636
1.0
0.0
0.0
0.0
0.5017442
0.0
0.0
0.99999994
0.19521151
0.0
0.28151798
0.0
0.0
0.23371308
0.0
0.0
0.70816416
0.44349858
0.2427744
0.2099716
0.48973823
0.70742553
0.0
0.37530047
0.2142167
0.8274856
0.9999999
0.0
0.24322769
0.0
0.0
0.0
0.0
0.0
0.0
0.0
0.0
0.0
0.0
0.66597563
0.0
0.0
0.56037533
0.0
0.0
0.0
0.0
0.0
0.0
0.0
0.74069685
0.5706835
0.0
0.0
0.0
0.0
0.0
0.0
0.0
0.0
0.7828923
0.108015105
0.0
0.5175447
0.0
0.0
0.0
0.0
0.57873666
0.0
0.0
0.0
0.0
0.0
0.0
0.06396013
0.7207341
0.0
0.0
0.0
0.0
0.0
0.0
0.0
0.0
0.0
0.0
0.0
0.5042461
0.0
0.0
0.0
0.0
0.0
0.0
0.0
0.0
0.0
0.57233906
0.5363609
0.0
0.0
0.0
0.0
0.0
0.0
0.0
0.7564681
0.5730789
0.77198595
1.0000001
0.0
0.0
0.0
0.0
0.0
0.0
0.0
0.0
0.0
0.0
0.0
0.0
0.0
0.0
0.0
0.0
0.0
0.0
0.0
0.0
0.0
0.0
0.0
0.0
0.0
0.0
0.0
0.0
0.0
0.0
0.0
0.6339652
0.0
0.0
0.0
0.0
0.0
0.0
0.6607512
0.0
0.0
0.0
0.0
0.0
0.0
0.95295113
0.31002745
0.0
0.0
0.0
0.0
0.0
0.0
0.0
0.0
0.0
0.0
0.0
0.0
0.69570434
0.7095347
0.0
0.0
0.0
0.0
0.0
0.0
0.0
0.0
0.0
1.0
0.0
0.0
0.0
0.0
0.16083841
0.0
0.95295113
0.0
0.0
0.0
0.9600966
0.0
0.0
1.0000001
0.0
0.0
0.0
0.42433867
0.0
0.0
0.4520821
0.0
0.7068963
0.0
0.0
0.0
0.0
0.0
0.0
0.0
0.0
0.60852265
0.18287931
0.0
0.0
0.0
0.0
0.0
0.0
0.0
0.0
0.0
0.0
0.0
0.0
0.0
0.0
0.0
0.0
0.0
0.6022558
0.0
0.0
0.5631322
0.70012873
0.1033577
0.0
0.0
1.0
0.0
0.0
0.0
0.7571748
0.0
0.17609048
0.0
0.0
0.0
0.0
0.47344464
0.46309322
0.0
0.0
0.0
0.0
0.0
0.052596483
0.47749057
0.0
0.0
0.3357997
0.0
0.56997234
0.0
0.32241255
0.0
0.0
0.0
0.0
0.0
0.0
0.86964804
0.0
0.0
0.21080232
0.142322
0.0
0.8149112
0.0
0.16170813
0.22521219
0.1571537
0.0
0.0
0.0
0.7309053
0.7420772
0.060332622
0.0
0.6236832
0.0
0.41811126
0.0
0.0
0.10066588
0.8724631
0.0
0.1994912
0.20773199
0.0
0.043181863
0.0
0.5237633
0.0
0.0
0.0
0.0
0.6500694
0.7748587
0.7690958
0.0
0.0
0.0
0.0
0.0
0.0
0.615708
0.89641637
0.0
0.86801124
0.0
0.1473021
0.5338291
0.0
0.7364089
0.8637608
0.15198414
0.12240135
0.0
0.85403585
0.0
0.0
0.0
0.0
0.0
0.0
0.08473249
0.0
0.0
0.09468502
0.21255913
0.1705024
0.0
0.6789674
0.7917031
0.2459178
0.7654757
0.9308556
0.0
0.0
0.0
0.22254758
0.26270157
0.17969286
0.0
0.59477293
0.71265864
0.0
0.0
0.0
0.0
0.034958303
0.14808346
0.0
0.0
0.0
0.36541215
0.6696819
0.11951719
1.0
0.5514427
0.0
0.3972214
0.09750696
0.0
0.0
0.0
0.0
0.0
0.6087948
0.27199784
0.40225232
0.7003586
0.61183226
0.53561306
0.0
0.0
0.1476585
0.56889135
0.5389564
0.0
0.9063762
0.69740915
0.0
0.0
0.0
0.12862875
0.0
0.0
0.15272954
0.0
0.17006305
0.11660861
0.16553259
0.19097576
0.0
0.041849717
0.12612839
0.0
0.0
0.0
0.0
0.073537424
0.0
0.0440672
0.12353279
0.12325432
0.7712528
0.0
0.6128442
0.0
0.0
0.0
0.45393997
0.61866516
0.0
0.0
0.5990466
0.7172343
0.21778034
0.0
0.0
0.0
0.0
0.0
0.51616645
0.72767395
0.6650644
0.0
0.0
0.0
0.0
0.0
0.0
0.0
0.0
0.25426188
0.22235547
0.4500333
0.2875347
0.47918668
0.0
0.22124334
0.0
0.23522167
0.19581267
0.8975226
0.5546834
0.13170807
0.0
0.0
0.0
0.0
0.66048235
0.87639534
0.0
0.1946189
0.5891261
0.57001317
0.0
0.116668105
0.0
0.0
0.0
0.5676333
0.0
0.0
0.0
0.2790703
0.066884905
0.0
0.0
0.0
0.083854
-0.020944508
0.67228377
0.8683033
0.7672714
0.0
0.0
0.0
0.0
0.5952107
0.37660608
0.4715887
0.19819567
0.0
0.0
0.0
0.0
0.0
0.0
0.8413878
0.0
0.0
0.0
0.0
0.0
0.0
0.0
0.0
0.0
0.0
0.0
0.0
0.070739836
0.0
0.0
0.0
0.0
0.0
0.16743623
0.0
0.0
0.0
0.0
0.0
0.0
0.0
0.0
0.0
0.0
0.0
0.0
0.0
0.0
1.0000001
0.76855475
0.2080505
0.57641006
0.5217143
1.0
0.0
0.0
0.0
0.8991307
0.99999994
0.07511884
0.8801883
0.8208133
0.67071074
0.088462554
0.20736726
0.15786983
0.5658494
0.23237942
0.21070871
0.0
0.0
0.120465755
0.0
0.0
0.0
0.0
0.0
0.0
0.0
0.0
0.0
0.0
0.0
0.7725923
0.0
0.0
0.0
0.0
0.59044194
0.0
0.0
0.15791617
0.0
0.0
0.0
0.0
0.0
0.38326517
0.0
0.0
0.0
0.0
0.0
0.0
0.0
0.0
0.0
0.0
0.0
0.0
0.0
0.0
0.0
0.06229307
0.4496002
1.0000001
0.46189663
0.21763724
0.0
0.0
0.15202075
0.1151092
0.0
0.0
0.0
0.58929604
0.0
0.0
0.0
0.8204367
0.17802192
0.6369572
0.17862469
0.0
0.0
0.0
0.0
0.0
0.0
0.0
0.0
0.0
0.0
0.21257733
0.0
0.0
0.0
0.0
0.74660057
0.0
0.25314298
0.39053366
0.0
0.14846964
0.0
0.0
1.0000001
0.0
0.5120124
0.14965598
0.0
0.0
0.049504135
0.19810969
0.23808539
0.0
0.0
0.0
0.0
0.0
0.4297355
0.0
0.2913582
0.0
0.8657683
0.90519094
0.9999999
0.0
0.99999994
0.0
0.664611
0.11289146
0.12616539
1.0
0.0
0.0
0.7149348
0.0
0.0
0.0
0.91318345
0.0
0.0
0.16156049
0.0
0.21085559
0.0
0.0
0.0
0.59199244
0.043348517
0.0
1.0
0.0
0.12563412
0.0
0.131061
0.046277653
0.0
0.0
0.52560186
0.0
0.0
0.0
0.5734395
0.0
0.426745
0.0
0.0
0.11153236
0.69396615
0.0
0.2952234
0.09398996
0.0
0.0
0.0
0.0
0.85582465
0.22980492
0.13207908
0.0
0.0
0.5705725
0.0034054383
0.0
0.0
0.7368294
1.0
0.0
0.0
0.16814697
0.67929125
0.0
0.0
1.0000001
0.3423406
0.0
0.18906923
0.047571193
0.4506539
0.23390579
1.0
0.0
0.55220145
0.0
0.5685064
0.11055604
0.05690667
0.18861565
0.2362507
0.07756937
0.15776467
0.0
0.28485498
0.16049546
0.10674115
0.0
0.0
0.9104063
0.58870095
0.0
1.0
1.0
0.54275113
0.72182894
0.4572369
0.7372718
0.084076315
0.9999999
0.6754832
0.0
0.0
0.584286
0.0
0.592121
0.69012254
0.70878583
0.8204142
0.0
0.0
0.0
0.0
0.0
0.0
0.0
0.0
0.0
0.7234257
0.99999994
0.73144096
1.0000001
0.82945853
0.0
0.6586631
0.0
0.0
0.0
0.6224779
1.0000001
0.0
0.0
0.5152576
0.0
1.0000001
0.0
0.0
0.68499297
0.0
0.563575
0.0
0.6474844
0.54360944
0.0
0.773197
0.0
0.0
0.0
0.0
1.0
0.0
1.0
0.0
0.11819959
0.0
0.0
0.0
0.0
0.0
0.0
0.8150869
0.0
0.0
0.14827037
