0.8364088
0.75284904
0.94613856
0.47167036
0.5475443
0.7248223
0.7494915
0.78063965
0.5936211
0.7076387
0.7248035
0.672474
0.7913438
0.8629774
0.70258594
0.40708113
0.71532553
0.6947502
0.5984552
0.7712266
0.7746963
0.73861563
1.0
0.49994478
0.6969051
0.44590986
0.78600776
0.66638803
0.30984822
0.85672873
0.6413372
0.698308
0.5510224
0.64410895
0.5894705
0.80194277
0.49705204
0.71392226
0.58271635
0.18733132
0.22543147
0.6194958
0.59105265
0.45211986
0.6389724
0.5618194
0.7549915
0.8409488
0.62450176
0.7061282
0.84296966
0.722016
0.7765826
0.8308994
0.7172711
0.7270948
0.61245316
0.5167506
0.76906955
0.87640166
0.8806648
0.67912084
0.7628354
0.70423114
0.7373705
0.7257572
0.60141516
0.7059557
0.63731843
0.76835287
0.7641025
0.8983648
0.74900836
0.71327287
0.6418917
0.6757765
0.72292614
0.70578164
0.62747717
0.69459426
0.4387116
0.655687
0.661728
0.47462538
0.646606
0.47712806
0.7896603
0.1614574
0.7530174
0.70270455
0.81101435
0.73058707
0.35820875
0.6837783
0.5422087
0.553077
0.55448866
0.47100818
0.88922924
0.8143339
0.9140612
0.97203916
0.97203916
0.6801277
0.5830371
0.58013225
0.8937154
0.78622556
0.7775516
0.7433354
0.9613766
0.48110583
0.85382247
0.63967127
0.61689717
0.8198687
0.7114298
0.62397164
0.91781193
0.7742822
0.67209023
0.5603939
0.7806377
0.73982924
0.69842744
0.6850804
0.73634803
0.7258624
0.8491833
0.8190243
0.79995024
0.6539459
0.80335325
0.7883727
0.78509915
0.8383226
0.4960242
0.67981654
0.8839266
0.9102651
0.70564145
0.69430304
0.78881145
0.7942353
0.9268756
0.664513
0.8289601
0.6819274
0.94102323
0.708009
0.8130448
0.63520527
1.0000001
0.57636577
1.0000001
0.8246462
0.91018105
0.7116593
0.8030976
0.49884975
0.5678757
0.68880504
0.8854965
0.85425085
0.97313833
0.97332674
0.9401374
0.69407666
0.92061967
0.92843086
0.6634113
1.0000001
0.8797137
0.7077872
0.8772611
1.0
0.9453553
0.9314671
0.8560449
0.7429102
0.8376242
0.7622901
0.5986599
0.87915844
0.76278263
0.90620095
0.91571677
0.6265319
0.5817308
0.8980651
0.653111
0.41242948
0.4874367
0.5726821
0.7086258
0.5385015
0.5366135
0.5626986
0.7305154
0.73186755
0.17761531
0.6223182
0.65307707
0.79375976
0.63913995
0.725705
0.43448386
0.48244095
0.5631202
0.77809
0.8122016
0.70148855
0.82231164
0.36770818
0.86557245
0.96097565
0.8996536
0.8398328
0.9166015
0.80286825
0.9316782
0.9493915
0.7814826
0.7949454
0.8824017
0.844728
0.6501672
0.9018559
0.90728945
0.950299
0.9078049
0.6053897
0.64383334
0.9564535
1.0000001
0.7305601
0.9198296
0.7496772
0.760437
0.6553207
0.4442986
0.73647463
0.736883
0.8445062
0.9408417
0.59880924
0.840466
0.75993973
0.7707837
0.78147906
0.6150329
0.51141095
0.5860817
0.8362474
0.44240832
0.7853642
0.80893564
0.96922624
0.70014876
0.8404854
0.73643494
0.540139
0.62885
0.638944
0.48776534
0.5362041
0.89167815
0.80485374
0.749235
0.8336467
0.73143613
0.4760446
0.9398928
0.55063
0.860993
0.805363
0.62480116
0.7777118
0.67586285
0.8985143
0.644298
0.8161692
0.62585866
0.74348164
0.7178523
0.65802383
0.72968024
0.89644223
0.6809006
0.59793484
0.30275163
0.79118454
0.89856094
0.8517641
0.79369146
0.6753226
0.6576134
0.83832884
0.68294734
0.46414506
0.5735635
0.85162765
0.95988154
0.9154613
0.6324746
0.6114503
0.92960864
0.619201
0.7352999
0.60232747
0.9784053
0.7392644
0.903802
0.2078889
0.35533547
0.7877715
0.9226999
0.80841184
0.7934738
0.8805557
0.66730314
0.38651085
1.0000001
1.0
0.35699534
0.2873252
0.76068723
0.82174504
0.6689462
0.7528256
0.6072575
0.5151562
0.49553
0.87817854
0.95077235
0.76732767
0.9194118
0.92873883
0.78888327
0.64698356
0.9010298
0.46209314
0.45165622
0.5648301
0.8876
0.7505588
0.78143096
0.8959436
0.7103584
0.7212933
0.8112894
0.834945
0.5010575
0.75369996
0.7930247
0.80922014
0.7726043
0.7380125
0.93832004
0.6044373
0.7528213
0.7178523
0.73186755
0.8243808
0.54870373
0.83956975
0.77573127
0.56145775
0.6898384
0.8856063
0.8194905
0.7526028
0.4353003
0.6227089
0.6833535
0.72491366
0.73583245
0.8036304
0.73608536
0.8465378
0.67674655
0.62464154
0.76778746
0.78652334
0.7545063
0.7340443
0.9766491
0.6000059
0.77177256
0.6295566
0.7920213
0.6612404
0.37770155
0.60991657
0.41623384
0.57412034
0.8469298
0.7194471
0.62847847
0.8040615
0.564054
0.81921047
0.7278235
0.2752313
0.6563945
0.84412533
0.9196615
0.7929885
0.7100685
0.65130645
0.69459784
0.7569405
0.828765
0.8005062
0.839443
0.9012704
0.78365237
0.86544925
0.61215127
0.6753418
0.86103755
0.83003664
0.8666893
0.8282345
0.64590657
0.5006817
0.7905733
0.45098922
0.68534875
0.70461214
0.8732232
0.7603615
0.7199134
0.848883
0.9530762
0.9452002
0.8107996
0.74326575
0.80594563
0.91722286
0.8941261
0.5918837
0.8611485
0.71515787
0.8404388
0.8642242
0.7758098
0.8465538
0.61215127
0.63991094
0.66891193
1.0000001
0.99999994
0.76211804
1.0
0.46912417
1.0
0.966928
0.8699669
0.5254419
0.96684265
0.88550466
1.0
1.0
0.96684265
1.0
1.0
1.0
0.6936507
0.9611957
0.8443705
1.0
0.70798707
0.9636485
0.6239605
1.0
0.64076954
0.7859615
0.67364943
0.6034078
0.7963158
0.7906175
0.7456047
0.54796344
0.7942507
0.9209712
0.53369117
0.62603825
0.7833493
0.5012106
0.765952
0.7664659
0.6936994
0.75752157
0.6242867
0.80516803
0.64914674
0.78738433
0.8623554
0.55428165
0.6404905
0.6155829
0.71568626
0.9429355
0.5521662
0.7975424
0.7734223
0.87446624
0.71619356
0.6570412
0.9043851
0.46120295
0.81456476
0.71482116
0.5050952
0.6703925
0.84870297
0.6776009
0.79615414
0.82710195
0.80583304
0.85819304
0.86349
0.97235036
0.73096883
0.64529437
0.7529437
0.96282476
0.8771452
0.79551816
0.8349609
0.48845607
0.12732992
0.7558859
0.79382545
1.0
0.81581193
0.6484084
0.66494703
0.85897636
0.4910231
0.759325
0.81220305
0.5186136
0.86938715
0.91589755
0.75419873
0.80553496
0.46985897
0.75234723
0.54781103
0.81496847
1.0
0.63407
0.6214131
0.8109283
0.8118325
0.7536428
0.84115106
0.51548684
0.50465655
0.63580734
0.86586386
0.62775576
0.7772035
0.47171208
0.7705064
0.8449425
0.63805413
0.83839166
0.7609051
0.7112301
0.8436958
0.5736964
0.812266
0.80622286
0.7142954
0.46451104
0.80118966
0.83157504
0.80133444
0.76316655
0.93672067
0.93877137
0.82389176
0.7238601
0.70956933
0.7273465
0.6935548
0.6888562
0.7052905
0.68984956
0.8084229
0.69472945
0.7628555
0.792573
0.5949124
0.2927641
0.60179985
0.84329116
0.8263383
0.9208895
0.5733445
0.7828438
0.8559779
0.6450061
0.7276834
0.8087445
0.46725312
0.76786846
0.7914019
0.39995587
0.68854165
0.7176958
0.90760624
0.76984596
0.87053233
0.62990785
0.6495524
0.59890324
0.9664429
0.7803655
0.5876091
0.65192866
0.86157644
0.77003384
0.6916722
0.80130535
0.95657194
0.8256019
0.5785682
0.89425474
0.8387062
0.8346272
0.88731885
0.32101592
0.49683428
0.79316145
0.6774283
0.8140212
0.87627214
0.64756745
0.6791798
0.5714078
0.8405945
0.7199387
0.79639333
0.8687121
0.71984416
0.70833355
0.7341238
0.71188563
0.68638253
0.8141156
0.8012271
0.7035951
0.7579085
0.7373192
0.68798584
0.4541388
0.87091404
0.42758596
0.6400145
0.56451243
0.34316912
0.64214367
0.43122733
0.56246245
0.7639993
0.4927118
0.5874401
0.37534043
0.28150195
0.781638
0.87869936
0.5429153
0.7234894
0.71387744
0.71855474
0.57753456
0.06270568
0.702454
0.7667343
0.64524895
0.51343495
0.5352947
0.75225526
0.7779436
0.51335466
0.5048331
0.7182814
0.74521196
0.534345
0.6061354
0.5988981
0.7988824
0.37747267
0.6878358
0.38213804
0.7646803
0.72905177
0.62166154
0.9137211
0.38645628
0.5385129
0.5002524
0.29197222
0.6457158
0.658657
0.7176105
0.5532137
0.63193715
0.35308063
0.773223
0.37846646
0.48055255
0.59781325
0.7078739
0.34364888
0.5113138
0.30234915
0.5904094
0.2771486
0.65362847
0.58465487
0.73450875
0.6060828
0.7678695
0.07318354
0.8111605
0.59835213
0.57310075
0.5789104
0.45946413
0.50996274
0.65588224
0.4900438
0.3683004
0.773764
0.70163107
0.63492423
0.61388355
0.5734909
0.7630055
0.8534192
0.6764764
0.7529454
0.4275488
0.5737595
0.47063774
0.8425747
0.9322641
0.6541921
0.53530353
0.32997227
0.8406555
0.64082664
0.11263155
0.6878251
0.4125471
0.68465483
0.8777752
0.8283187
0.84469736
0.83703893
0.3300044
0.6892705
0.91916424
0.82075405
0.93203783
0.89230615
1.0
0.75430804
0.70802194
0.55001247
0.7726506
0.9183906
0.94395995
0.7886194
0.7687619
0.70770884
0.6781673
0.73806775
0.8459587
0.0
0.86671025
0.94813865
0.80358166
0.8030491
0.6826656
0.7710274
0.7798854
0.81904405
0.8503003
0.85877573
0.80587935
0.6147388
0.67280865
0.81744593
0.72836685
0.8543329
0.47036296
0.6773511
0.85066676
0.74707013
0.8601598
0.82143724
0.507502
0.8177289
0.9260519
0.7266651
0.66654557
0.8145159
0.72836965
0.7312353
0.7368622
0.6005478
0.7243563
0.36589506
0.7364281
0.6252006
0.5230306
0.739419
0.7762866
0.7890506
0.8391684
0.55134505
0.7400113
0.9671247
0.83439535
0.9300632
0.68994206
0.71639067
0.80063033
0.8889685
0.8799987
0.73074585
0.4702424
0.70065725
0.8359435
0.6162042
0.74628997
0.80461437
0.8796352
0.7589201
0.89439136
0.52581453
0.52509105
0.91011965
0.62887007
0.7701675
0.8964324
0.6834071
0.8832128
0.74243826
0.7143956
1.0
0.8099024
0.74009216
0.84228766
0.48996228
0.7660878
0.7973825
0.72530967
0.7385529
0.892692
0.8737545
0.8258294
0.6908477
0.71362174
0.7859535
0.68400663
0.718155
0.7296206
0.71472824
0.7316533
0.7038179
0.64088255
0.92491585
0.8464712
0.72228867
0.8944432
0.84239256
0.78395647
0.85223657
0.4935445
0.7959997
0.6757281
0.85590637
0.62576216
0.732577
0.9598596
0.9435983
0.65024287
0.8189766
0.6944481
0.8713726
0.8889715
0.72000927
0.8261613
0.9167381
0.8314006
0.8027824
0.8783895
0.8205258
0.7526699
0.51773745
0.7271641
0.62862206
0.87038064
0.9474971
0.7899974
0.8617198
0.71162295
0.6516647
0.8127626
0.74735045
0.7417976
0.73475116
0.59563357
0.5799668
0.7581931
0.71561384
0.7581978
0.56382877
0.70430166
0.739748
0.81891704
0.71296126
0.7796335
0.77213556
0.76055855
0.68044025
0.7533491
0.8530414
0.7491158
0.7489833
0.618039
0.8560901
0.74629784
0.85937566
0.75348514
0.66925377
0.7914599
0.85330516
0.7599756
0.5482899
0.63575417
0.7390449
0.903991
0.81965137
0.84089905
0.77837163
0.6447076
0.691716
0.8361141
0.7233244
0.77381885
0.80838853
0.83972496
0.6651356
0.9811869
0.64119077
0.8805603
0.6561002
0.86311996
0.62097865
0.7951987
0.83924896
0.44831616
0.5698267
0.84628767
0.7508582
0.71781474
0.7644119
0.67034185
0.8323067
0.89280975
0.59090316
0.70765
0.65789145
0.5847595
0.6611258
0.86398005
0.7853344
0.43632355
0.8108721
0.84230095
0.6867828
0.7696955
0.8402967
0.8393621
0.6825541
0.77752095
0.5791971
0.68342775
0.64906776
0.8153958
0.4624115
0.7290347
0.69944257
0.7185144
0.583312
0.7764932
0.6308682
0.70197755
0.7746615
0.7252359
0.6355003
0.7549285
0.75783044
0.55974
0.8516603
0.6374643
0.82052606
0.9030734
0.65009654
0.19247
0.46260354
0.762687
0.7620705
0.7258138
0.8328257
0.7485746
0.7247826
0.8219197
0.93388385
0.69964933
0.42002493
0.92803675
0.58334166
0.7448518
0.59442824
0.65353185
0.67759436
0.64607954
0.6448286
0.81090987
0.74088305
0.72726095
0.72515017
0.859428
0.4494593
0.7796502
0.71110433
0.80897546
0.82844234
0.6585511
0.67463464
0.62739
0.81395805
0.711707
0.7742615
0.47775668
0.46690196
0.22437021
0.5017106
0.6947831
0.909963
0.8234245
0.8714711
0.5797817
0.6635448
0.71756274
0.6661077
0.6964399
0.69450146
0.8082966
0.7826852
0.3145357
0.5868241
0.66167057
0.6878742
0.545157
0.6941877
0.96394235
0.8065211
0.7822119
0.5362756
0.902368
0.7951095
0.8047137
0.48860076
0.6607713
0.8447881
0.6662575
0.6783465
0.68033946
0.57536757
0.6860899
0.55550736
0.81490105
0.6846027
0.74389714
0.59407026
0.74928224
0.85515803
0.73317486
0.8873926
0.6164307
0.6377787
0.4526926
0.5924643
0.8023052
0.6825834
0.6335848
0.79298615
0.6664318
0.73824835
0.5352553
0.770306
0.36671254
0.93621844
0.6695684
0.61689174
0.632604
0.30271518
0.54120386
0.77652556
0.700742
0.6622961
0.6183111
0.9702458
0.5539321
0.7982923
0.6806493
0.84699357
0.6890121
0.77213424
0.9114666
0.93376637
0.8380214
0.61522865
0.8557406
0.65802586
0.8831969
0.67381567
0.69260687
0.8043539
0.76436126
0.80185413
0.8373492
0.84311646
0.8014525
0.0
0.5535901
0.5946188
0.671868
0.7506629
0.6975375
0.8053761
0.7652857
0.5268297
0.50055003
0.7310417
0.8600789
0.74258983
0.82883704
0.8926154
0.67309666
0.8052723
0.75881344
0.80421567
0.7454962
0.5517127
0.63045406
0.6211253
0.5223525
0.3231784
0.46634597
0.6037051
0.65783215
0.76088756
0.58631337
0.6477252
0.4845419
0.66627836
0.59769446
0.6376886
0.09461092
0.73987806
0.73349273
0.63627666
0.6889524
0.6799715
0.4310287
0.4200477
0.5556458
0.47324228
0.25590506
0.8346776
0.46458152
0.6806038
0.666464
0.392232
0.7201501
0.5947362
0.5801244
0.87936944
0.68625695
0.6842843
0.56905615
0.5726106
0.45875198
0.6177471
0.69596213
0.66404516
0.65136325
0.74432755
0.72139084
0.58252424
0.43737587
0.7791143
0.74954623
0.6443122
0.6557575
0.47178465
0.36606097
0.6337701
0.60593826
0.43672064
0.37494045
0.65676826
0.50175315
0.6447552
0.72656524
0.48501068
0.41307595
0.46303013
0.6130066
0.93313295
0.523995
0.20955919
0.16652827
0.82707375
0.7415055
0.35540912
0.30206963
0.50349265
0.5302094
0.49316317
0.5189814
0.58168787
0.8499144
0.583667
0.5186461
0.63292086
0.6500623
0.8069356
0.68904775
0.633446
0.54312086
0.5890661
0.6403083
0.29972583
0.40009397
0.57881093
0.6130786
0.59783906
0.5321834
0.62912637
0.482447
0.60988253
0.6681305
0.26381153
0.72107947
0.58898276
0.36013898
0.7048606
0.61185247
0.8186719
0.6182515
0.8082542
0.61882484
0.6490192
0.7389948
0.69541866
0.81806606
0.51387703
0.8347496
0.5248844
0.5222877
0.24904576
0.87000597
0.7626491
0.4976415
0.78159106
0.7320813
0.4079633
0.73370177
0.5871842
0.65547395
0.24267006
0.7150917
0.6986626
0.6718394
0.4654008
0.4428247
0.6450239
0.4637313
0.5198317
0.39903337
0.35016304
0.80212647
0.8130042
0.58023524
0.7923557
0.4452749
0.33782098
0.6811106
0.7058115
0.77628326
0.6118996
0.63105476
0.54978263
0.6839225
0.6068154
0.33098963
0.49969733
0.4585762
0.287946
0.8532673
0.39574417
0.67043
0.23743396
0.7124302
0.4965038
0.4506558
0.7274993
0.6356976
0.6608639
0.6230607
0.87398756
0.4721619
0.78287435
0.53805727
0.6658889
0.6631383
0.7142536
0.60176724
0.7902724
0.6869277
0.48402846
0.7716159
0.7935417
0.38342488
0.86152846
0.5658132
0.57495445
0.57368785
0.49348727
0.45361325
0.6141302
0.8320493
0.65032184
0.7225943
0.65282357
0.6008269
0.7264812
0.58724797
0.4405053
0.5840343
0.6582659
0.7462965
0.5562548
0.5546751
0.6336393
0.63324404
0.6198948
0.6528694
0.47093442
0.43908274
0.877687
0.7317606
0.73493135
0.52422607
0.809415
0.66197133
0.5718862
0.6479921
0.5604542
0.7347124
0.70416045
0.8758157
0.77024007
0.8873012
0.6680014
0.5643729
0.72783923
0.67466384
0.47350225
0.8599195
0.7726514
0.6475138
0.4794125
0.48946875
0.50848055
0.57227916
0.6207594
0.7152276
0.6664608
0.6260629
0.58912134
0.7959304
0.83645004
0.9147351
0.6246543
0.56146675
0.36842778
0.64503956
0.6882402
0.6950176
0.719744
0.50931704
0.625458
0.88730025
0.7048607
0.7878701
0.5733629
0.6776691
0.8634253
0.73139894
0.53001034
0.6242347
0.43933657
0.67933303
0.76382864
0.63456273
0.8290054
0.76496536
0.6114165
0.48584127
0.39926246
0.5806991
0.7659806
0.6887287
0.67766273
0.71668786
0.6804155
0.5009498
0.4693396
0.28696468
0.25496882
0.37360832
0.41991022
0.61869663
0.72552186
0.65932494
0.8519534
0.5425676
0.63667727
0.5768842
0.49761304
0.5088178
0.7150121
0.6539771
0.5326475
0.82915
0.7794876
1.0
0.763919
0.7238923
0.86788803
0.6994123
0.69611394
0.74575853
0.5773645
0.621548
0.83653194
0.4939261
0.4615641
0.8168645
0.7547587
0.3459822
0.8713811
0.84734005
0.87527996
0.41694435
0.8758352
0.8536175
0.40142918
0.7730457
0.6966339
0.7718321
0.5699805
0.6998303
0.8053401
0.66331464
0.6640334
0.42965484
0.71420735
0.67412084
0.5023718
0.66310173
0.5997179
0.6784049
0.73321843
0.37133008
0.8886789
0.8396921
0.32151812
0.73135865
0.620788
0.63162655
0.6701431
0.81462693
0.7228873
0.70807505
0.71943957
0.5774366
0.75132036
0.5773934
0.63740236
0.6011989
0.696054
0.85885715
0.8164886
0.76696724
0.7379497
0.73812956
0.6137306
0.8096753
0.7285364
0.9435789
0.6866572
0.6324632
0.7699197
0.47153774
0.68026304
0.76421654
0.60148907
0.7298777
0.94656897
0.6247427
0.6318497
0.64752185
0.6629085
0.7085377
0.6630666
0.63188815
0.3909993
0.84707564
0.75727713
0.85849965
0.89989555
0.7060784
0.5786134
0.8512106
0.6531211
0.20672442
0.8878718
0.8596775
0.95483655
0.6917455
0.70340943
0.61103207
0.7256935
0.74403745
0.99063605
0.8714492
0.95548314
0.81852585
0.81836843
0.6465276
0.7366758
0.64719725
0.7762665
0.71972144
0.58485293
0.81579596
0.57277566
0.7988046
0.8034863
0.6735694
0.7940361
0.48276314
0.88397837
0.5240616
0.7473425
0.88729346
0.7935846
0.7887827
0.6815688
0.34795037
0.80907017
0.33536902
0.5501718
0.5226282
0.6333292
0.7730548
0.5458599
0.56905484
0.7353594
0.61463386
0.8371934
0.6865162
0.8130134
0.25793245
0.82462436
0.583361
0.8486202
0.773271
0.650391
0.7597884
0.44987145
0.6668066
0.81224746
0.78010845
0.85730374
0.65212536
0.44024956
0.6712464
0.4467567
0.8067568
0.68632996
0.5449077
0.5257824
0.6796666
0.55340576
0.85390687
0.39328265
0.63738316
0.8504123
0.7850299
0.7507563
0.7462038
0.5573741
0.13728319
0.8165192
0.4584921
0.530344
0.7897644
0.6292792
0.85418856
0.6333965
0.4885348
0.6162174
0.6931423
0.58603567
0.5447972
0.6909268
0.72790617
0.52832067
0.7793784
0.65213865
0.5356378
0.49295062
0.6286515
0.6075672
0.3684315
0.6236902
0.67005706
0.59371215
0.7294623
0.56064063
0.940154
0.31832033
0.59070754
0.49754578
0.6146783
0.52259374
0.57785165
0.6633114
0.73343873
0.7642996
0.6596847
0.7854511
0.8094977
0.698056
0.6487526
0.8589211
0.52514267
0.6187545
0.6955845
0.67060953
0.81597126
0.6354505
0.37319693
0.46493867
0.5977795
0.51435786
0.5049811
0.6503679
0.6086497
0.45915368
0.6755164
0.51759017
0.5064159
0.57427335
0.687531
0.44410092
0.9321719
0.8460991
0.8796638
0.8632538
0.9068083
0.8277842
0.8532359
0.88196164
0.75619304
0.84585
0.81086427
0.86981523
0.87625384
0.78483707
0.9057386
0.8722656
0.6825101
0.79233915
0.8237437
0.79410344
0.5649487
0.77065367
0.63267636
0.84295213
0.8345976
0.7295218
0.9139598
0.7778756
0.7421635
0.64744705
0.75674236
0.7614497
0.8753312
0.91723865
0.8104812
0.93824077
0.8946439
0.86032474
0.7471608
0.81818914
0.7407237
0.4410905
0.66170305
0.7763655
0.8921323
0.8241092
0.18462418
0.8442302
0.86140877
0.7986316
0.8349422
0.67874795
0.75356054
0.8485135
0.4094534
0.7515134
0.8325684
0.79943633
0.77161425
0.95729095
0.65738463
0.77755326
0.64630115
0.7730323
0.32114628
0.5113893
0.5299943
0.708231
0.41714767
0.63735753
0.8145458
0.8011336
0.75824755
0.71091425
0.61109763
0.6647521
