0.44470662
0.0
0.4563783
0.0
0.26329854
0.7223272
0.0
0.16294587
0.0
0.0
0.735836
0.65992874
0.89130074
0.8844798
0.42833298
0.687746
0.6236966
0.22375852
0.5510951
0.5993295
0.5486791
0.83409023
0.35568982
0.0
0.72312444
0.27927697
0.5013252
0.85289997
0.82524115
0.6487213
0.6035058
0.55344015
0.9474818
0.9762268
0.92355466
0.9261404
0.49400458
0.41466287
0.7184203
0.7190462
0.6036287
0.15150486
0.24483362
0.0
0.0
0.0
0.258629
0.8069287
0.41701487
0.42812037
0.54081285
1.0
0.8434038
0.7935634
0.70347565
0.0
0.86278826
0.66336304
0.39664578
0.40337387
0.0
0.88559383
0.74758714
0.37039292
0.0
0.0
0.98982203
0.6001275
0.7344992
0.87650126
0.749582
0.0
0.24250229
0.73275214
0.7698984
0.66369474
0.0
0.64278156
0.38449103
0.21493253
0.8726646
0.21041454
0.73027587
0.9999999
0.82533485
0.14310512
0.99196756
0.6219871
0.5486791
0.0
0.5829795
0.0
0.5980328
0.51389986
0.0
0.99999994
0.79944396
0.6749455
0.8557427
0.70547444
0.9999999
0.59193516
0.6598487
0.57023114
0.77919644
0.542749
0.32437265
0.26497996
0.0
0.44471622
0.410472
0.3380444
0.0
0.51956695
0.0
0.0
1.0000001
0.7435797
0.4650218
0.5897566
0.0
1.0
0.0
0.70209074
0.0
0.0
0.0
0.68073756
0.30432567
0.15551147
0.6868106
1.0000001
0.70509255
1.0000001
0.71404487
0.5052084
0.7668647
0.47198465
0.0
0.43584675
0.7908237
0.0
0.792161
0.16751325
0.7167898
0.80301577
0.76870644
0.17785197
0.0
0.0
0.90467584
0.67797625
0.848917
0.0
0.8004819
0.5086818
0.53174186
0.6584901
0.90467584
0.8351187
0.854408
0.0
0.6725854
0.7727844
0.0
0.0
0.0
0.0
0.0
0.8254159
0.14555454
0.80433
0.0
0.68131185
0.0
0.0
0.0
0.0
0.5801098
0.0
1.0
0.6725854
0.83225375
0.6716561
0.50385284
0.0
0.87144405
0.6259648
0.0
0.59802157
0.0
0.5572536
0.0
0.0
0.7464128
0.7811606
0.8344741
0.0
0.0
0.0
0.0
0.0
0.87446314
0.0
0.82037085
0.0
0.666693
0.0
0.0
0.0
0.0
0.0
0.0
0.92235327
0.0
0.80268794
0.6891655
0.96538186
0.7380517
0.8600447
0.0
0.30673596
0.67221594
0.6189879
0.7382874
0.76802427
0.60260785
0.0
0.7317465
0.4309431
0.0
0.9364292
0.0
0.0
0.79311293
0.0
0.0
0.77959096
0.0
0.0
0.36621684
0.798571
0.5415193
0.0
0.0
0.8533744
0.0
0.0
0.0
0.86608034
0.0
0.48023936
0.91499096
0.0
0.59926474
0.30683866
0.88063467
0.86771786
0.0
0.9725283
0.0
0.0
0.90467584
0.87144405
0.37606156
0.8982734
0.88063467
0.0
0.0
0.6620639
0.0
0.43946943
0.0
0.0
0.8236338
0.5715354
0.8844313
0.0
0.0
0.0
0.7086789
0.0
0.29559556
0.0
1.0
0.0
0.0
0.79623765
0.0
0.7395449
0.2069436
0.0
0.7739429
0.0
0.21284771
0.0
0.0
0.6817717
0.0
0.54310995
0.241232
0.46355143
0.0
0.0
0.0
0.7841094
0.0
0.55457366
0.48268017
0.59074634
0.0
0.62340957
0.0
0.0
0.73448414
0.0
0.7313247
0.0
0.0
0.6796143
0.21410777
0.5108239
0.0
0.0
0.0
0.7030006
0.0
0.48075187
0.20261076
0.7239181
0.58590424
0.28865123
0.0
0.19657402
0.0
0.0
0.0
0.47009584
0.0
0.0
0.33968207
0.0
0.36606202
0.47529408
0.6346804
0.5732972
0.0
0.722166
0.504888
0.12552048
0.92162657
0.6595478
0.24273098
0.51605123
0.0
0.711416
0.0
0.0
0.0
0.0
0.60000473
0.8819868
0.53860843
0.7442587
0.6134664
0.72804415
0.0
0.65964854
0.0
0.56037396
0.7342544
0.55054444
0.80401194
0.7875196
0.2574118
0.0
0.60834163
0.58480144
0.10768315
0.5845764
0.8936574
0.0
0.0
0.75201625
0.0
0.68179095
0.0
0.20894206
0.56264883
0.0
0.6212957
0.75069743
0.78123605
0.43812087
0.25684267
0.0
0.61245066
0.5548006
0.310984
0.0
0.0
0.59653604
0.7985904
0.60951906
0.30525935
0.3058754
0.72635007
0.0
0.53179467
0.8011547
0.7996022
0.5939179
0.0
0.62070274
0.68884635
0.7842395
0.0
0.0
0.4606592
0.8955977
0.0
0.80065346
0.7172733
0.0
0.0
0.8537672
0.661095
0.8086363
0.41944432
0.0
0.9038284
0.88866603
0.341534
0.75824016
0.0
1.0
0.5691155
0.0
0.904365
0.0
0.49044567
0.0
0.40476772
0.80265576
0.7283244
0.59414923
0.44305304
0.8020919
0.0
0.0
0.80743134
0.9264156
0.94294626
0.0
0.5248453
0.5170877
0.37424538
0.0
0.7112306
0.57620573
0.0
0.9572136
0.82805514
0.6879285
0.8388437
0.69975
0.8373737
0.77062976
0.8006719
0.58180255
0.5752055
0.84061515
0.9347212
0.0
0.0
0.82334685
0.73327625
0.83277845
0.7904219
0.0
0.0
0.94409907
0.8115592
1.0000001
0.6427245
0.0
0.0
0.0
0.9999999
0.4895775
1.0
0.70670843
0.77962166
1.0
0.66205966
0.74776435
0.0
0.99999994
0.68354535
0.8307338
0.0
0.0
0.0
0.0
0.5603905
0.4895775
0.7846164
0.0
0.0
0.0
0.0
0.8357518
0.49854133
0.74614406
0.8690544
0.83576137
0.8586614
0.69643986
0.0
0.82704675
0.0
0.0
0.90400743
0.37096128
1.0
0.0
0.6381659
0.0
1.0
1.0000001
0.0
0.18962245
0.6604258
0.43296048
0.29440576
0.0
0.8479975
0.84799266
0.83655024
0.69956636
0.0
0.0
0.8061046
0.51766723
0.23768316
0.6148539
0.38579774
0.0
0.0
0.68900627
1.0
0.62240916
0.5457145
0.0
0.0
0.69872195
0.0
0.0
0.0
0.0
0.21765001
0.69697183
0.0
0.11859743
0.0
0.3732
0.6522735
0.0
0.45611814
0.44518343
0.7012152
0.8005235
0.16674754
0.0
0.0
1.0000001
0.6372181
0.39939383
0.6576446
0.0
0.0
0.0
0.47312957
0.0
0.0
0.0
0.0
0.7914979
0.0
0.88967836
0.27975538
0.0
0.0
0.0
0.0
0.6250532
0.64246863
0.59252226
0.0
0.0
0.65985364
0.7111951
0.0
0.6717114
0.7195727
0.5651277
0.46812195
0.0
0.59244245
0.0
0.43322766
0.0
0.63390326
0.0
0.0
0.35806453
0.4988954
0.1247172
0.0
0.68738073
0.4237295
0.0
0.0
0.51492095
0.92365897
0.0
0.0
0.60133326
0.0
0.46543053
0.47839454
0.6525634
0.42426997
0.17621468
0.692721
0.5174931
0.591448
0.56877905
0.34840208
0.15392642
0.30733305
0.0
0.22462712
0.51315045
0.0
0.0
0.0
0.6116503
0.0
0.72964406
0.5189422
0.3126983
0.7799034
0.0
0.6819867
0.6176794
0.0
0.6522735
0.0
0.48792332
0.84598815
0.0
0.0
0.7847775
0.59309405
0.49349266
1.0
0.80309886
0.8259853
0.49748453
0.0
0.54885656
0.7291973
0.0
0.65682787
1.0
0.84507537
0.0
0.76348084
0.0
0.71362615
0.7671057
0.72429854
0.23600377
0.57627416
0.0
0.0
0.99999994
0.0
0.66121936
0.7251939
0.6663684
0.0
0.49018884
0.76968193
0.6951397
0.0
0.0
0.8235805
0.0
0.34280947
0.0
0.7839189
0.88719255
0.7372838
0.4885387
0.0
0.0
0.65436333
0.0
0.99999994
0.55973893
0.881318
0.49798834
0.67080015
0.3087071
0.0
0.27495012
0.516841
0.7889872
0.0
0.0
0.72512674
0.5378308
0.0
0.7484452
0.73606026
0.49542642
0.59291774
0.8267125
0.9150174
0.0
0.0
0.92774624
0.6481551
0.63927424
0.58426076
0.0
0.82173836
0.6620375
0.35725808
0.7538228
0.0
0.0
0.72298276
0.61206466
0.81432825
0.69186574
0.0
0.53216654
0.0
0.65514046
0.0
0.39365718
0.77327555
0.0
0.68028456
0.7553723
0.22936958
0.67365587
0.81080085
0.0
0.7680779
0.0
0.5405278
0.3208568
0.0
1.0000001
0.9706128
0.8500676
0.623583
0.0
0.637296
0.7074031
0.8013069
0.8042512
0.881318
0.68028456
0.5423709
0.0
0.93967915
0.64833593
0.0
0.6756275
0.8561678
0.5405278
0.71770585
0.5405278
0.7700113
0.22623159
0.0
0.76229286
0.42701998
0.0
0.8674434
0.57489306
0.97741425
0.0
0.68642944
0.0
0.0
0.7983037
0.8356324
0.0
0.19624858
0.0
0.0
0.29162797
0.0
0.0
0.8606923
0.0
0.0
0.0
0.0
0.0
0.0
0.6196944
0.0
0.72490925
0.0
0.0
0.81312567
0.37908572
0.0
0.71343213
0.0
0.6924822
0.7507226
0.85836875
0.5387752
0.0
0.0
0.7551617
0.44369012
0.7509124
0.0
0.0
0.0
0.73943704
0.8850102
0.0
0.6843601
0.0
0.49850333
0.0
0.7057948
0.5979729
0.0
0.0
0.6913072
0.48597223
0.0
0.0
0.0
0.6393328
0.0
0.6522895
0.0
0.0
0.5835643
0.77326745
0.68110585
0.6324764
0.7848686
0.5213961
0.0
0.5999049
0.0
0.78892744
0.2223513
0.41549996
0.47299334
0.0
0.0
0.0
0.0
0.7871783
0.0
0.0
0.0
0.705674
0.1413858
0.59051174
0.8088713
0.7347475
0.44944084
0.0
0.4804659
0.9225582
0.0
0.0
0.69666207
0.5119029
0.77839243
0.0
0.0
0.83979774
0.0
0.41305298
0.0
0.0
0.0
0.641729
0.634682
0.6598892
0.0
0.58489925
0.0
0.0
0.85702276
0.23371431
0.81181115
0.0
0.5949421
0.54506934
0.6164954
0.5100737
0.0
0.0
0.0
0.4935987
0.0
0.7867066
0.0
0.0
0.18848383
0.47378078
0.18000835
0.459247
0.33133093
0.62489885
0.85831743
0.0
0.54555917
0.84528375
0.858651
0.0
0.6913072
0.46242502
0.5173508
0.49242654
0.7811883
0.0
0.4558113
0.0
0.38784757
0.25464666
0.0
0.82142156
0.0
0.0
0.83773124
0.22351374
0.0
0.6608338
0.44475162
0.41063634
0.0
0.32409492
0.0
0.63752276
0.0
0.38521567
0.5914826
0.82235646
0.6541909
0.6483879
0.89749545
0.4447549
0.47402236
0.83936507
0.71440494
0.0
0.5807645
0.0
0.0
0.0
0.86091506
0.795691
0.0
0.72100526
0.0
0.56983423
0.43366066
1.0
0.0
0.68148506
0.0
0.77874404
0.0
0.55352473
0.6131196
0.0
0.6037895
0.0
0.57412803
0.8586174
0.0
0.6943168
0.0
0.8098137
0.5841618
0.42498317
0.74371874
0.9266906
0.24625613
0.0
0.0
0.6303995
0.0
0.0
0.0
0.3690224
0.0
0.0
0.5420102
0.8071441
0.5608625
0.0
0.0
0.0
0.0
0.54062873
0.0
0.0
0.7001284
0.41153705
0.0
0.0
0.0
0.0
0.50059694
0.36330187
0.7234854
0.54782027
0.0
0.0
0.8012633
0.60492605
0.5002559
0.39260444
0.57921785
0.7283496
0.7558531
0.092432976
0.6847918
0.68727696
0.0
0.0
0.2250174
0.0
0.0
0.49095628
0.5425227
0.65221155
0.0
0.0
0.0
0.40657926
0.5456963
0.0
0.6893889
0.0
0.0
0.0
0.0
0.0
0.0
0.0
0.52080375
0.0
0.0
0.81167763
1.0
0.0
0.5358688
0.0
0.78581625
0.0
0.0
0.40240645
0.0
0.0
0.0
0.23302649
0.3044866
0.55540323
0.500109
0.0
0.7261921
0.0
0.0
0.0
0.0
0.5408826
0.0
0.0
0.76626676
0.49590757
0.0
0.51714814
0.6561308
0.8140701
0.0
0.27885598
0.08597692
0.85911053
0.3026188
0.0
0.4942714
0.0
0.0
0.26035455
0.6146868
0.0
0.811559
0.0
0.66217595
0.0
0.0
0.4299801
0.0
0.6790618
0.0
0.0
0.0
0.0
0.5674945
0.5812425
1.0
0.32911518
0.0
0.0
0.598825
0.09575739
0.0
0.70505506
0.0
0.0
0.0
0.7562961
0.7315043
0.0
0.0
0.78903145
0.76626676
0.0
0.69495463
0.20619644
0.7971441
0.7968148
0.0
0.37372884
0.4594326
0.30630392
0.0
0.24845806
0.0
0.0
0.0
0.0
0.0
0.14115699
0.0
0.4265847
0.5283317
0.56251365
0.0
0.0
0.68342644
0.0
0.6370012
0.0
0.0
0.7393234
0.71115005
0.622494
0.0
0.0
0.0
0.62817574
0.0
0.0
0.29585093
0.657307
0.0
0.5574051
0.7459372
0.0
0.13836779
0.5080645
0.0
0.0
0.5795098
0.0
0.0
0.0
0.60262895
0.6037188
0.62761676
0.8017281
0.0
0.79738
0.17380804
0.46111757
0.4070463
0.7002034
0.0
0.0
0.0
0.78425974
0.4384947
1.0
0.6923724
0.6640984
0.43021894
0.30159605
0.54634774
0.783578
0.6586871
0.68825126
0.0
0.7658805
0.92678946
0.49362448
0.6246101
0.6999529
0.69729733
0.0
0.0
0.3110647
0.5366259
0.71534526
0.0
0.0
0.0
0.6814662
0.0
0.0
0.53904927
0.32364318
0.0
0.6896359
0.53818715
0.0
0.48867583
0.0
0.99999994
0.37809256
0.41969553
0.88435644
0.8459429
0.8856558
0.34720695
0.5782637
0.5879336
0.7936539
0.46658042
0.83008105
0.49616227
0.0
0.0
0.73573583
0.0
0.75985307
0.68766266
0.5551424
0.6167499
0.5619273
0.56107044
0.98460245
0.0
0.7023295
0.53780675
0.6892707
0.6836412
0.0
0.0
0.0
0.39464995
0.0
0.6603007
0.0
0.3651403
0.72816294
0.53780675
0.0
0.0
0.0
0.0
1.0
0.6867732
0.6174
0.6405278
0.6491873
0.44950944
0.79932016
0.9432003
0.0
0.0
0.0
0.82752955
0.0
0.62835664
0.9059411
0.0
0.76280457
0.79738
0.60120636
0.69762856
0.0
0.8094148
0.0
0.7882166
0.0
0.0
0.41648862
0.803059
0.0
0.8274756
0.0
0.0
0.0
0.8350826
0.7042446
0.27700976
0.24154247
0.31410682
0.7416998
0.75709254
0.4559774
0.0
0.91136473
0.0
0.68178153
0.6158163
0.14164998
0.0
0.0
0.67934793
0.0
0.0
0.6926458
0.5046017
0.52229923
0.7932807
0.0
0.0
0.5984346
0.0
0.72243375
0.8609997
0.6270237
0.0
0.46536613
0.0
0.8934029
0.0
0.5098077
0.43293703
0.8839535
0.7470083
0.8350876
0.79880106
0.0
0.0
0.0
0.0
0.71732837
0.0
0.27711233
0.67922175
0.0
0.86646706
0.8367701
0.7180146
0.0
0.471974
0.0
0.0
0.0
0.8359283
0.0
0.5623526
0.0
0.6421573
0.44075117
0.0
0.5579962
0.0
0.8616187
0.72322017
0.7380844
0.7973675
0.7474684
0.0
0.0
0.0
0.0
0.8529978
0.87982404
0.7127617
0.8476722
0.44559395
0.0
0.83925194
0.0
0.6283166
0.6919399
0.59226215
0.542631
0.3756683
0.6626481
0.78530467
0.92782056
0.48799944
0.46233666
0.0
0.771108
0.7625848
0.7523279
0.0
0.56992096
0.0
0.7192724
0.7059013
0.6565938
0.0
0.6108961
0.0
0.901444
0.43862173
0.93969923
0.6120635
0.8224895
0.8184253
0.0
0.65878123
0.0
0.8802772
0.35243678
0.0
0.8562734
0.1658565
0.70587605
0.5222353
0.78913105
0.5862547
0.7267005
0.59989995
0.64306116
0.653359
0.5600499
0.74729323
0.31870344
0.4929162
0.741597
0.6508267
0.5865527
0.0
0.7300599
0.9119937
0.0
0.68829703
0.8061919
0.60216504
0.8262933
0.5366222
0.48521903
0.0
0.8372254
0.4664128
0.45645508
0.70672
0.68982726
0.3614387
0.45536143
0.75357914
0.70228666
0.6960054
0.42837498
0.0
0.81250614
0.0
0.52310985
0.47906992
0.6514226
0.74063665
0.0
0.7109825
0.0
0.0
0.30513912
0.45011628
0.39254755
0.0
0.8286367
0.62308306
0.7001769
0.68443835
0.52004755
0.7203956
0.0
0.4473419
0.620486
0.62225467
0.56304944
0.25829178
0.0
0.6205601
0.2896514
0.7827955
0.79797155
0.6816114
0.4132833
0.6126472
0.20384371
0.45518836
0.0
0.8588482
0.7603452
0.66811234
0.25933412
0.71007967
0.7119383
0.63881046
0.7444476
0.0
0.70387495
0.44448322
0.80381143
0.629866
0.2614082
0.0
0.0
0.8501889
0.37574324
0.75777954
0.832219
0.49379152
0.0
0.6880795
0.7389165
0.9175803
0.76416194
0.64715844
0.7158009
0.5082674
0.45356306
0.5789606
0.65548253
0.82775617
0.39770573
0.8807969
0.533414
0.8120559
0.5725689
0.2887976
0.7434364
0.571691
0.0
0.6019037
0.9169102
0.4869704
0.19943269
0.36788416
0.6841946
0.7335186
0.7251836
0.603959
0.58738804
0.5277179
0.6116881
0.21430108
0.7262334
0.669984
0.7312052
0.9003038
0.60964006
0.5222169
0.47400194
0.7065001
0.71083665
0.79231864
0.6644858
0.0
0.78099245
0.761107
0.3465507
0.26456144
0.68852746
0.6590655
1.0000001
0.3360181
0.79439026
0.7616464
0.0
0.80291367
0.4295392
0.6316708
0.7113008
0.0
0.7766007
0.43385512
0.74121326
0.0
0.0
0.8206428
0.0
0.9594472
0.0
0.0
0.8054229
0.6447552
0.881599
0.88573825
0.88431126
0.71084166
0.5810065
0.8926627
0.6206149
0.56662
0.75970465
0.0
0.8513113
0.0
1.0000001
0.0
0.5783312
0.4638432
0.0
0.0
0.0
0.41108653
0.0
0.9601721
0.4038774
0.0
0.0
0.0
0.5117495
0.0
0.30693263
0.0
0.0
0.77864903
0.7309472
0.90217334
0.708575
0.0
0.0
0.53616846
0.85538095
0.90245914
0.90245914
0.7968129
0.0
0.67989904
0.7975704
0.0
0.72783136
0.34689492
0.6000788
0.5856179
0.0
0.64717835
0.0
0.0
0.3962013
0.0
0.48113656
0.0
0.0
0.0
0.0
0.0
0.0
0.0
0.52415866
0.0
0.84440815
0.5221393
0.0
0.0
0.0
0.1738591
0.66390526
0.7817921
0.9055038
0.0
0.0
0.7585912
0.8630361
0.78113925
0.0
0.64406645
0.66234493
0.68333215
0.0
0.0
0.0
0.46954545
0.6153054
0.0
0.0
0.0
0.58232826
0.9043787
0.84712565
0.0
0.6862874
0.0
0.8215031
0.8215031
0.82512355
0.54719603
0.6885268
0.7228054
0.6351175
0.5593196
0.6573843
0.8246063
0.0
0.75790143
0.8939345
0.72111803
0.6322706
0.4735025
0.0
0.0
0.0
0.42036352
0.48060656
0.878393
0.68525916
0.88797754
0.20422965
0.0
0.5584414
0.34511036
0.7870113
0.0
0.29393816
0.0
0.7554576
0.50648165
0.0
0.0
0.8043443
0.5930564
0.34226853
0.0
0.0
0.0
0.5468493
0.6834122
0.0
0.0
0.5597409
0.7603666
0.2641945
0.5843272
0.7340414
0.56324995
0.93796164
0.9061347
0.70128256
0.0
0.5804103
0.49403864
0.8013852
0.7275634
0.0
0.26661798
0.0
0.8924595
0.5707623
0.0
0.0
1.0
0.0
0.65789926
0.81810486
0.598698
0.47451338
0.5886711
0.726187
0.0
0.8033174
0.8702186
0.4757932
0.0
0.84267634
0.5320133
0.8602182
0.48034978
0.48784167
0.0
0.58766633
0.0
0.0
0.0
0.0
0.0
0.3604151
0.4699611
0.0
0.0
0.0
0.0
0.0
0.6087781
0.4119952
0.0
0.3508766
0.19653027
0.0
0.5373833
0.47672984
0.51355666
0.613341
0.66472024
0.66749996
0.5591628
0.5372074
0.0
0.0
0.0
0.0
0.0
0.17071328
0.6187315
0.64601016
0.0
0.0
0.0
0.0
0.68693227
0.6148167
0.4026108
0.2422501
0.46299154
0.48794785
0.0
0.0
0.0
0.0
0.3802814
0.38918668
0.6343488
0.7137536
0.6381663
0.0
0.0
0.0
0.0
0.0
0.0
0.20225655
0.7112357
0.28756744
0.37550983
0.18952589
0.0
0.0
0.6151058
0.58415836
0.0
0.0
0.0
0.6979382
0.0
0.645297
0.20291185
0.0
0.558801
0.564631
0.7377382
0.58000135
0.902003
0.2613428
0.0
0.0
0.0
0.5495662
0.62939143
0.5914421
0.0
0.46612865
0.28435174
0.0
0.0
0.0
0.0
0.0
0.0
0.65618366
0.8441003
0.59246725
0.46601173
0.36599702
0.45463318
0.56160355
0.14551997
0.18250923
0.40975314
0.27454373
0.77428436
0.55653024
0.1808307
0.0
0.0
0.58620715
0.57242876
0.15729052
0.55459934
0.55810916
0.39437482
0.0
0.0
0.0
0.0
0.0
0.0
0.0
0.0
0.6748277
0.51970804
0.0
0.53085995
0.0
0.27488497
0.56915534
0.59259784
0.4951326
0.22574353
0.0
0.0
0.5962513
0.3148122
0.5559904
0.0
0.39409846
0.6300035
0.0
0.0
0.0
0.0
0.0
0.4700054
0.47370094
0.0
0.30222726
0.29255906
0.49907455
0.0
0.0
0.28854486
0.3871613
0.0
0.0
0.3758068
0.32047257
0.37017393
0.5107407
0.44800556
0.0
0.0
0.0
0.0
0.0
0.0
0.0
0.0
0.0
0.48071036
0.48176706
0.57401556
0.39043838
0.7978056
0.0
0.0
0.0
0.40893716
0.0
0.731226
0.52251947
0.63862115
0.59761626
0.0
0.0
0.31290197
0.0
0.14307001
0.3716907
0.35945612
0.0
0.4983255
0.5965463
0.63460875
0.7238615
0.46733445
0.5178064
0.520678
0.6954457
0.6378558
0.7004981
0.6710941
0.56345826
0.83211136
0.0
0.0
0.0
0.99241567
0.586778
0.97983277
0.6591554
0.43269336
0.44147998
0.53891337
0.7259046
0.7068691
0.0
0.5398118
0.0
0.0
0.0
0.0
0.634068
0.6638131
0.34138533
0.0
0.0
0.58106476
0.6539919
0.58012444
0.67248726
0.59287626
0.6282147
0.49392295
0.40734574
0.7016745
0.5895164
0.0
0.0
0.0
0.0
0.5984515
0.26745656
0.6133161
0.0
0.0
0.8825531
0.6803067
0.0
0.0
0.21611987
0.13368449
0.0
0.4968938
0.76349384
0.59511936
0.5389735
0.4805492
0.4032485
0.6676215
0.44998366
0.0
0.0
0.947212
0.84968734
0.5545666
0.33405307
0.0
0.0
0.0
0.4511019
0.0
0.89265645
0.22558793
0.36706465
0.53937864
0.33397204
0.0
0.0
0.0
0.0
0.0
0.0
0.0
0.6446553
0.43147796
0.4449405
0.70549715
0.760432
0.5083862
0.0
0.0
0.0
0.5809221
0.33015698
0.36350515
0.0
0.0
0.0
0.2275034
0.4817461
0.0
0.0
0.13876969
0.59880674
0.76889384
0.50480354
0.5510824
0.42457318
0.567711
0.908567
0.64600503
0.43311933
0.6231851
0.33437797
0.4288295
0.45589313
0.47090405
0.0
0.0
0.0
0.36107787
0.6460128
0.67975444
0.6159973
0.49888128
0.65689564
0.8228678
0.66514
0.33351526
0.0
0.629431
0.44656694
0.28720197
0.7929615
0.45025763
0.3961512
0.41215104
0.3791503
0.67085826
0.62187433
0.737355
0.0
0.0
0.0
0.0
0.0
0.0
0.55648184
0.59041995
0.74941087
0.59411573
0.70900977
0.70725745
0.2554745
0.75369203
0.37674958
0.42420396
0.0
0.50968754
0.452648
0.41788524
0.4036866
0.0
0.0
0.0
0.590498
0.22654149
0.24094397
1.0
0.32837477
0.76755655
0.5926606
0.6647733
0.7152726
0.0
0.501682
0.30530173
0.49416506
0.75910133
0.6751912
0.24335915
0.0
0.9039969
0.48635796
0.56824774
0.3581618
0.6717469
0.56271607
0.52649444
0.38262403
0.3553128
0.0
0.18591195
0.22131243
0.6942571
0.84786993
0.6779791
0.0
0.5153491
0.30624133
0.7118068
0.34201112
0.4571427
0.5078531
0.0
0.0
0.0
0.43113568
0.75054866
0.6377405
0.47023168
0.0
0.0
0.43678266
0.0
0.0
0.30075055
0.0
0.0
0.6978763
0.676839
0.61135983
0.87238175
0.7553489
0.5177871
1.0000001
0.9276004
0.36665124
0.58180124
0.48543996
1.0000001
0.7636054
0.7895693
0.5182364
0.857137
0.5447021
0.47907394
0.0
0.4773726
0.0
0.59523827
0.68948567
0.31843013
0.21423672
0.78150666
0.0
0.5168931
0.6181003
0.4903631
0.5372203
0.2381715
0.74210787
0.5351098
0.49407938
0.4363231
0.88575804
0.33351213
1.0000001
0.8376531
0.0
0.24299869
0.0
0.9329235
0.6139521
0.4773369
0.6425199
0.59474504
0.0
0.47548273
0.5350056
0.6851637
0.9254968
0.40101394
0.6677602
0.6294497
0.73292047
0.6146961
0.039846968
0.6981935
1.0
0.0
0.0
0.0
0.9272249
0.50083977
0.6290702
0.7568243
0.33490533
0.0
0.83561003
0.67424595
0.0
0.74450326
0.5067273
0.5395045
0.77569306
0.0
0.49660543
0.82193995
0.0
0.27701986
0.9102103
0.38580608
0.7213098
0.49586886
0.0
0.0
0.59184456
0.6467211
0.7924354
0.6698268
0.73408085
0.0
0.939862
0.77387136
0.892443
0.9694838
0.0
0.46568832
0.95868284
0.68919677
0.67563766
0.19489253
0.0
0.8857227
0.5543813
0.5596468
0.0
0.76392055
0.43447793
0.41878337
0.5473769
0.15867512
0.5141797
0.48163605
0.78007203
0.9435624
0.32307217
0.5079075
0.48217943
0.42583904
0.84520906
0.74580514
0.88213444
0.9008978
0.76131636
0.3142667
0.5117581
0.56417966
0.0
0.7788254
0.6888538
0.39074224
0.53096807
0.8255132
0.6589922
0.22202638
0.55815697
0.59549767
0.7459085
0.4581816
0.4986604
0.5339092
0.82601935
0.0
0.0
0.0
0.7421169
0.35596186
0.8974313
0.9067077
0.5979938
0.376024
0.7433463
0.0
0.0
0.7606116
0.826109
0.80655336
0.744862
0.60758084
0.0
0.70055217
0.6648216
0.7935195
0.6952169
1.0000001
0.6777163
0.80138856
0.5360781
0.0
0.6114169
0.0
0.0
0.61761427
0.0
0.0
0.0
0.0
0.0
0.0
0.0
0.0
0.8145877
0.49751607
0.69532686
0.0
0.0
0.68251675
0.0
0.0
0.0
0.85478485
0.40635073
0.24382237
0.34329554
0.0
0.0
0.29806605
0.0
0.0
0.0
0.8198775
0.5165426
0.6515378
0.39608935
0.40742376
0.0
0.0
0.0
0.43954098
0.0
