0.2559718
0.48676914
0.0
0.46070188
0.12645812
0.17703314
0.35718483
0.39426398
0.0
0.0
0.44359598
0.8488064
0.5912023
0.5843537
0.84086853
0.17395939
0.0
0.353225
0.0
0.10194883
0.19114254
0.5825122
1.0
0.0
0.29734632
0.0
0.15548514
0.37540665
0.48310468
0.23434536
0.0
0.0
0.6200502
0.13455242
1.0
0.1747405
0.19430605
0.8803958
0.8597317
0.6135318
0.42736885
0.0
0.0
0.12138022
0.64166397
0.007404682
0.18663467
0.64249796
0.23284596
0.25205126
0.22894605
0.38990203
0.294795
0.17368133
0.077940434
0.6179735
0.115626104
0.5763235
0.631219
0.5085062
0.12801552
0.169283
0.22671752
0.41816905
0.14233908
0.3144254
0.6361003
0.24365082
0.8496854
0.59862363
0.1192628
0.3140408
0.30665904
0.47395283
0.24630973
0.0
0.09492087
0.3176062
0.6317829
0.19157587
0.6729839
0.27151448
0.34962243
0.1851225
0.2723964
0.27658573
0.3572242
0.0
0.04988906
0.33215782
0.60834724
0.7151994
0.4603662
0.24145289
0.358357
0.16573356
0.16382936
0.8126801
0.34248587
0.05221643
0.46493354
1.0
0.58428097
0.15240523
1.0
0.0044326996
0.7129945
0.35372815
0.35237026
0.2611765
0.4960429
0.54364187
0.23351878
0.5419747
0.0
0.36890015
0.5013437
0.642189
0.44602636
0.47478557
0.7467389
0.0
0.3443779
0.5609414
0.24949297
0.47006074
0.69870913
0.6439242
0.077641994
0.6788452
0.5127342
0.07436018
0.0
0.21803665
0.43038908
0.29871336
0.2791082
0.38139
0.6020054
0.5548419
0.711023
0.3533998
0.49537432
1.0000001
0.194968
0.9089164
0.30173805
0.23975855
0.9999999
0.27797022
0.27827483
0.6617772
0.14983554
0.77751863
0.14983554
0.6422113
0.6021173
0.93731976
0.30566186
0.766089
0.18996957
0.7462211
0.8899435
0.21604311
0.83983827
1.0
0.99999994
0.70467544
1.0
0.51090723
0.30182505
0.596977
0.20476621
0.37741533
0.0
1.0
0.84850264
0.72826827
0.22367091
0.3013184
0.4298815
0.2717797
0.7780164
1.0
0.7403373
0.0
0.13569446
0.3622161
0.36816552
0.7722851
0.15351455
0.2847326
0.4443895
0.5112475
0.45768872
0.36433277
0.67823017
0.3493221
0.3783378
0.2945707
0.0
0.39428967
0.0
0.33598164
0.47342646
1.0000001
0.36337286
0.42228407
0.8625157
0.0
0.0
0.0
0.44490823
0.20491919
0.65334004
0.30681053
0.30681053
0.32331777
1.0
0.54012233
0.7761092
0.7820388
0.50774527
0.74559104
0.90664554
0.275312
0.21265988
0.368003
0.38195506
0.27788392
0.32972118
0.0
0.25446782
0.39432922
0.16764931
0.37893617
0.287223
0.2131594
0.1444688
0.12131279
0.0
0.2884798
0.18501212
0.50332344
0.46610683
0.6020301
0.0
0.02281265
0.5340576
0.824451
0.34756896
0.36187133
0.31466258
0.8489186
0.2880837
0.11406389
0.7508166
0.1251211
0.357796
0.5765952
0.62587637
0.53969955
0.47705615
0.3233822
0.30632433
0.37404191
0.3334168
0.83059055
0.42205513
0.04747613
0.21414335
0.24050096
0.54352516
0.5006736
0.59544826
0.27245718
0.24695589
0.21224502
0.6658273
0.57517105
0.32951057
0.768852
0.64992154
0.739877
0.56109244
0.24109946
0.08856572
0.20286654
0.74018145
0.23854545
0.0
0.4377092
0.39580548
0.7752835
0.9103675
0.36171323
0.0
0.31046298
0.34377232
0.82713133
0.64755887
0.9999999
0.33030188
0.6352234
0.24358925
0.4385869
0.19371918
0.6886315
0.6940264
0.37387967
0.9999999
0.3448644
1.0000001
0.07847113
0.76786923
0.3964782
1.0000001
0.8387928
0.29221988
0.0
0.68005645
0.6000078
0.99999994
0.95083636
0.24960016
0.2431792
0.40386695
0.41748333
0.28801444
0.2617625
0.3811487
0.7196678
0.48413268
0.661029
0.66132826
0.4377056
0.9249721
0.3662667
0.46595517
0.08063719
0.25340882
0.48286948
0.20076872
0.3866694
0.48331976
0.320979
0.12933993
0.6460159
0.47529477
0.9045992
0.60487473
0.22854365
0.3807776
0.0
0.23255266
0.76747155
0.0
0.29962027
0.8616461
0.4015497
0.15068632
0.33137232
0.2945707
0.5818903
0.2945707
0.6184859
0.0
0.0
0.14749236
0.6346368
0.44869184
0.25744733
1.0000001
0.68098605
0.19083098
0.25101373
0.3169651
0.41220492
0.29096538
0.0
1.0000001
0.27729902
0.12933993
0.15626732
0.0
0.32943043
0.0
0.21593726
0.0
0.60042256
0.5979599
0.23582362
0.0
1.0000001
0.25305563
0.56572497
0.31254506
0.037769876
0.19281478
0.9353144
0.5279431
0.7416042
0.31613737
0.24847044
0.9999999
0.4448215
0.7764488
0.13655174
0.4718646
1.0000001
0.7495602
0.1366658
0.5105433
0.6021829
0.5929112
0.89645696
0.7434845
0.6101249
0.55138594
0.515391
0.37427074
0.602237
0.4534367
0.7259764
0.41065353
0.20593756
0.85490465
0.68015575
0.41473606
0.3892271
0.7731203
0.30664936
0.23101419
0.560383
0.40755022
0.5732755
0.13941845
0.41202626
0.70947456
0.6601635
0.6963376
0.5382838
1.0000001
0.33824486
0.7190807
0.363547
0.54012233
0.5618054
0.55138594
0.33135304
0.0861677
0.28083265
0.7812003
0.33679262
0.75354385
0.085869044
0.8001646
0.77905196
0.53965724
0.11381098
0.6101196
0.56171423
0.8001646
1.0
0.573968
0.8634518
0.5984029
0.56794447
0.29406953
0.5428554
0.4919604
0.6545789
0.46250442
0.43375102
0.3061638
1.0
0.5891885
0.18491462
0.3701948
0.4707954
0.6775172
0.72440404
0.5436044
0.2712706
0.3453734
1.0
0.6460159
0.5053704
0.0
0.4465939
1.0000001
0.2498196
0.26577926
0.38589492
0.6460159
0.50535506
0.15704647
0.23022394
0.73411804
0.10848666
1.0000001
0.2994256
0.3747559
1.0
0.1769647
0.53799564
1.0000001
0.20714146
0.15873256
0.5361854
0.43412754
0.32620212
0.5058144
0.12829347
0.6050036
0.11539515
0.12786971
0.73814696
0.27566275
0.7710137
0.41331938
0.7176726
0.3917061
0.44896492
0.33300254
0.34155184
0.7265031
0.60560757
0.68597686
0.46484447
0.20750427
0.0
0.2970836
0.35481378
0.63781893
0.63595456
0.6771706
0.21992542
0.2037815
0.321399
0.20012835
0.44301084
0.46523538
0.38844362
0.6639914
0.32308844
0.8379643
0.56143945
0.12563682
0.63302773
0.0
0.55664694
0.8650885
0.31720945
0.36854908
0.32539305
0.47214362
0.7909581
0.34202015
0.5622182
0.6779335
0.5033549
1.0
0.57375884
0.30764547
0.5618062
0.7270631
0.0
0.1378612
0.60152453
0.23743834
0.48403943
0.5850092
0.34758943
0.13847174
0.59221655
0.5881227
0.65201265
0.0
0.19208375
0.44746694
0.12933993
0.22509304
0.0
0.20843998
0.21722075
0.07152547
0.32205096
0.15838873
0.3757832
0.15842608
0.15842608
0.20977558
0.43947712
0.28619143
0.6573187
0.6106884
0.14152074
0.598907
0.8427097
0.36562163
0.19976224
0.307837
0.345394
0.22866778
0.12026668
0.14137484
0.2557711
0.39317703
0.14445929
0.20541784
0.38903865
0.14748617
0.36285955
0.19948742
0.16769764
0.2667534
0.70280975
0.16732877
0.5312281
0.5306991
0.5443982
0.3819118
0.12123582
0.33627862
0.35499513
0.3904405
0.14026654
0.16994667
0.7122202
0.78237003
0.37324548
0.2130198
0.0
0.3445713
0.4068868
0.4339706
0.34219536
0.5378182
0.67795
0.20977558
0.47817808
0.532942
0.08914491
0.3906234
0.1631371
0.0
0.20977558
0.100506045
0.40593767
0.5443982
0.4813981
0.36730587
0.32520127
0.39359197
0.2735636
0.09762961
0.52805305
0.12495914
0.7436985
0.51595503
0.55851203
0.3434982
0.5405965
0.79181683
0.31399584
0.40663007
0.33988884
0.348365
0.35415962
0.33253604
0.61818355
0.8741144
0.23078394
1.0
0.69158816
0.55482936
0.4827513
0.27232233
0.7380081
0.2820308
0.7827215
0.70952195
0.2746719
0.5893057
0.24244058
0.588625
0.22154683
0.87780994
0.41949612
0.21623088
0.4589067
0.8462004
0.16430701
0.84380877
0.49468902
0.5116536
0.89273494
0.5364393
0.73506427
0.7259771
0.27300408
0.52001375
0.61590135
1.0
0.7931498
0.0
0.19091056
0.52674484
0.3342039
0.30713522
0.25567976
0.82227874
0.42284313
0.8931739
0.4026032
0.3526083
1.0
0.90878856
0.8551901
0.80185884
0.122510865
0.36021382
0.70030075
0.5014669
0.7280293
0.5501219
0.500675
0.544327
0.7196486
0.16876118
0.6106511
0.316866
0.3246609
0.751766
0.6305451
0.43736747
0.63727283
0.34783164
0.65653104
0.41423246
0.6612296
0.8229171
0.43958
0.7622892
0.6235802
0.7069035
0.9586065
0.42464444
0.4338245
0.55117863
0.21016581
0.32225716
0.43648627
0.3292291
0.73515046
0.76134664
0.0
0.14034717
0.35098273
0.677889
0.4732632
0.48716924
0.6826115
0.9001835
0.5928482
0.39707625
0.5631835
0.392904
0.7948894
0.28850645
1.0
0.27637503
0.27423432
0.5263935
0.51623696
0.77298117
0.189395
0.59627
0.41136152
0.5288774
0.36210588
0.23155098
0.8532207
1.0000001
0.37035155
1.0
1.0
0.66880155
0.09764194
0.47687143
0.14633103
0.65497345
0.66249174
0.8137373
0.40763536
0.15386562
0.19441178
0.6972862
0.4408843
0.5108252
0.2949812
0.17939919
0.34512666
0.7017303
0.88416404
0.11931207
0.36138234
0.42283955
1.0000001
0.3537437
0.65497345
0.6034289
0.33068326
0.6437828
0.5401154
0.46794778
0.26686302
0.10642009
0.59421355
0.46439403
0.4486062
0.33611575
0.6193868
0.1980391
0.8137373
0.06506352
1.0
1.0000001
0.6055056
0.5131964
0.54634935
0.43006393
0.60965455
0.85761565
1.0
0.67619944
0.4868232
0.34603953
0.5342506
0.5108623
0.09629624
0.5698197
0.14492406
0.77153486
0.48275802
0.2591222
0.21286164
0.123543054
0.5907012
0.20889227
0.24691492
0.65041006
0.29450163
0.66745543
0.24406366
0.037203234
0.11767641
0.17747839
0.65379906
0.5095221
0.8039223
0.5238475
0.72829396
0.26121575
0.65803844
0.73377955
0.38784146
0.33648446
0.50492495
0.2172059
0.47464284
0.61467993
0.2505551
0.49263498
0.0
0.5757801
0.76240003
0.5644579
0.6606256
0.189048
0.40567967
0.5348744
0.2989319
0.6079348
0.516973
0.8746675
0.5338878
0.99999994
0.7211425
0.20067438
0.5648098
0.7508934
0.5379815
0.6188927
0.35098934
0.25906268
0.45535728
0.19465083
0.43880647
0.70480734
0.6144695
0.99999994
0.5823698
0.847748
0.647833
0.087224364
0.69173473
0.50490963
0.69592
0.4300134
0.30545825
0.22530909
0.7289593
0.37781376
0.3193113
0.551741
0.23089394
0.6424716
0.34258425
0.3150385
0.20001896
0.35083398
0.42571312
0.6980529
0.513184
0.53858644
0.13276751
0.7484877
0.82201576
0.3520419
0.0
0.19289653
0.26080242
0.7443136
0.7268857
0.73784864
0.78582346
0.5573505
0.5739208
0.22495982
0.59636664
0.0
0.0
0.48938483
0.41387945
0.49582958
0.8012045
0.13629448
0.89208585
0.21400721
0.67704254
0.9196471
0.5730482
0.25352988
0.5811812
0.36116382
0.38394824
0.48175403
0.99999994
0.660218
0.70335937
0.4870388
0.41498598
0.8438855
0.74594945
0.483097
0.8974726
0.0
0.53025705
0.6690307
0.0
0.1257014
0.70473564
0.0
0.58044803
0.36545408
0.114419825
0.20644659
0.13151082
0.43739632
0.49437904
0.08310278
0.581666
0.146595
0.2794726
0.28427514
0.3525884
0.2992019
0.047199972
0.26110274
0.26110274
0.11893805
0.050448213
0.2135892
0.17669676
0.23419908
0.27661964
0.4563413
0.35721612
0.40190873
0.4769676
0.085468896
0.20868102
0.270955
0.52563643
0.18944372
0.30803558
0.45478848
0.16628852
0.17562042
0.13199909
0.43953896
0.43752792
0.45170096
0.4922059
0.18042424
0.27863124
0.7199137
0.5654674
0.4131142
0.087046966
0.28793857
0.29678953
0.8391298
0.28721336
0.06705326
0.18996449
0.07606407
0.38923955
0.30141363
0.39368758
0.6317432
0.13492687
0.24234469
0.23276804
0.498838
0.16540633
0.40731665
0.68831074
0.68831074
0.38607544
0.31722367
0.16038184
0.5341866
0.3208918
0.17857258
0.3656913
0.5590975
0.32343963
0.32153004
0.60271966
0.23707376
0.13479106
0.38087702
0.48749083
0.6665464
0.6316516
0.15012936
0.52085304
0.2798746
0.42505074
0.7418054
0.19333506
0.20665704
0.3866633
0.41357106
0.273375
0.5309054
0.26920313
0.41856933
0.1092422
0.6792418
0.2558462
0.17437683
0.5361854
0.5361854
0.38845336
0.18432935
0.26815277
0.6675546
0.5711378
0.32046786
0.32594386
0.63788533
0.25684243
0.23076896
0.23076896
0.7554235
0.22404198
0.0
0.6872394
0.6872394
0.49437904
0.338243
0.34925142
0.24405922
0.6064304
0.2534866
0.42950037
0.35346633
0.16590127
0.30480686
0.43391532
0.5099831
0.22839318
0.3740596
0.3446252
0.41968977
0.44719353
0.4644612
0.0
0.52726316
0.18677749
0.21779467
0.36926967
0.18537934
0.34440365
0.22679886
0.696404
0.24230549
0.22404198
0.15111648
0.5248728
0.5436779
0.3523508
0.15315107
0.35859153
0.55622715
0.49924895
0.4337903
0.65464884
0.0
0.0
0.68316287
0.5238933
0.35116062
0.31569824
0.0
0.38885766
0.12951183
0.8315003
0.24486127
0.32546076
0.5177689
0.51772296
0.0
0.0
0.32901746
0.18018025
0.18018025
0.26428947
0.1254118
0.0
0.22263283
0.300322
0.4169579
0.44027454
0.53966236
0.3568759
0.11491831
0.4124186
0.0
0.44706815
0.71441144
0.61879796
0.49131957
0.42081565
0.48839882
0.26427957
0.65497345
0.4972596
0.18604127
0.8330969
0.43246207
0.47601804
0.08397093
0.7158601
0.19951919
0.25468653
0.14309046
0.56109035
0.62217826
0.40625983
0.24290103
0.16436766
0.33268723
0.35314548
0.6462696
0.3492243
0.2545355
0.13071841
0.5245336
0.54689133
0.64594525
0.38748977
0.0682962
0.43163145
0.60608685
0.2338364
0.379082
0.28718325
0.53126353
0.0
0.801581
0.31870633
0.13424426
0.22471373
0.49502888
0.2593792
0.6835589
0.5072621
0.3619531
0.06016636
0.049511418
0.15621966
0.41680682
0.5485866
0.40259793
0.34569848
0.5119554
0.28729028
0.4089295
0.1792419
0.49885127
0.5791104
0.164236
0.0
0.62227064
0.39745298
0.15072994
0.31047148
0.47388566
0.5392308
0.17571871
0.5486391
0.7244946
0.0
0.0
0.0
0.43983945
0.25169212
0.22062553
0.23431583
0.572357
0.2077919
0.24614546
0.38605997
0.19682595
0.31730363
0.0
0.5455559
0.68460053
0.37521872
0.58977574
0.34957913
0.15634534
0.22243986
0.34575158
0.0
0.20629855
0.51762193
0.11259491
0.16620669
0.0
0.5609075
0.6014766
0.0
0.18409534
0.33178395
0.71089727
0.5647217
0.41858825
0.24930257
0.1510899
0.0
0.58222246
0.0
0.68739617
0.8440599
0.30776632
0.61950284
0.35798505
0.59954494
0.11249942
0.4813956
0.666284
0.3148929
0.0
0.20893782
0.17383298
0.23200741
0.0
0.17018823
0.113823764
0.8803958
0.2137853
0.42285776
0.2200598
0.0
0.8070242
0.20897576
0.12542847
0.25541985
0.4156351
0.02807338
0.61298895
0.0
0.0
0.7017303
0.3800418
0.42950368
0.5677519
0.0
0.15473986
0.7877769
0.5281151
0.60937464
0.0
0.26864725
0.6565001
0.35365358
0.05560634
0.31691012
0.46957806
0.6772194
0.22046657
0.2674327
0.0
0.63528097
0.0
0.46314758
0.45470226
0.0
0.49001127
0.4382644
0.3739388
0.07787809
0.15275048
0.3590942
1.0000001
0.59007007
0.34925583
0.0
0.0
0.31306475
0.3160107
0.0
0.21213408
0.3986837
0.12912503
0.5020662
0.22335443
0.06762072
0.39749593
0.18911918
0.11407961
0.14617126
0.0
0.24994865
0.0
0.60211366
0.522325
0.43471086
0.0
0.62112755
0.114016555
0.75917464
0.4560397
0.39079344
0.46680441
0.65118694
0.8535631
0.88496536
0.7063446
0.20698401
0.353822
0.51713246
0.3633298
0.21290337
0.4999156
0.17304417
0.21089481
0.69253844
0.32512236
0.50223774
0.46992797
0.74070096
0.6400329
0.69187677
0.29747102
0.077054806
0.62284636
0.22546633
0.6274046
0.5086302
0.24289761
0.49370894
0.25121614
0.4409021
0.40424776
0.31807277
0.6367602
0.3444606
0.57328737
0.6828152
0.44885886
0.72388434
0.22519621
0.046178304
0.22442108
0.3919616
0.27641812
0.15986769
0.53669137
0.27247056
1.0
0.5803843
0.58035254
1.0
0.6080869
0.872791
0.8197629
0.0
0.34999353
0.68446887
0.5234429
0.6161403
0.85949725
0.49543345
0.43513414
0.48738873
0.57778203
0.6720125
0.6783706
0.35301477
1.0
0.628488
0.24313773
0.2910034
0.5999136
1.0
0.78825074
0.63662225
0.7388643
0.7427425
0.4000204
0.63055897
0.6238021
0.34005725
0.041977957
0.5930058
0.4966582
0.521023
0.6519214
0.36742845
0.25121614
0.71904314
0.4839904
0.53731453
0.36260858
0.8239481
0.5758746
0.6183224
0.54961574
0.6861931
0.68419784
0.4265094
0.3391475
0.78332263
0.8216657
0.71720797
0.73541176
0.56164
0.71053314
0.6670618
0.7094466
1.0
0.49470243
0.5688723
0.6241546
0.009297427
0.029251944
0.30233774
0.2017478
0.074855715
0.39092115
0.22626793
0.41884604
0.60457534
0.44702616
0.17134236
0.09491273
0.53314304
0.6000351
0.1509956
0.26638812
0.27838323
0.138509
0.35246125
0.42418128
0.6475603
0.57070965
0.43274447
0.6153426
0.22277136
0.0
0.3480919
0.4355809
0.589218
0.4320876
0.57961094
0.42951167
0.47420812
0.1983376
0.73483664
0.09998868
0.35636884
0.1640362
0.33203346
0.16873764
0.21503446
0.0
0.0
0.0
0.38003504
0.30074564
0.24491681
0.37060025
0.29477015
0.34575567
0.75797194
0.99999994
0.3580041
0.48998275
0.22945324
0.13913202
0.23075758
0.22236948
0.08482138
0.5103694
0.37528598
0.325686
0.8650569
0.4589067
0.22128296
1.0
0.39933106
0.46905327
0.22242013
0.13174531
0.40503994
0.73558074
0.3729657
0.47631472
0.35051587
0.21067362
0.09579782
1.0
0.5315697
0.1470102
0.5705838
0.37174365
0.27198103
0.520524
0.111695915
0.17841068
0.70024776
0.800602
0.8531336
0.66340286
0.5830642
0.77524287
0.5808112
0.38820535
0.0
0.7774077
0.20142
0.70612466
0.67334044
0.8222335
0.27879456
0.26621544
0.3906199
0.38607776
0.17247218
0.45609194
0.40045407
0.5522725
0.484076
0.6029751
0.33017886
0.5718984
0.2036554
0.46888423
0.60504425
0.28334326
0.13732892
0.6274248
0.6452891
0.92797697
0.6924558
0.32074967
0.6263659
0.064376704
0.13893342
0.7257659
0.79906297
1.0000001
0.32885712
0.3352013
0.4090123
0.35633245
0.48369575
0.035827465
0.34645772
0.2032669
0.2003595
0.4468538
0.11741459
0.2269076
0.2578237
0.24158564
0.5703599
0.28876057
0.5365123
0.3344168
0.0
0.47237483
0.6909412
0.34872684
0.5107661
0.40590313
0.6696915
0.0
0.7399126
0.18974134
0.41473377
0.21525627
0.39672518
0.4467349
0.4314474
0.19925976
0.5865747
0.23291449
0.39774245
0.15701543
0.31314164
0.80692685
0.18365054
0.5452622
0.4106229
0.44508505
0.52201056
0.38226044
0.6569357
0.0
0.08865154
0.39779353
0.7725296
0.36461428
0.26394397
0.74637085
0.4943175
0.52730405
0.38985005
0.7120043
0.29989916
0.25626904
0.47170657
0.2643015
0.21570748
0.3846234
0.11337165
0.5744547
0.70279944
0.6700222
0.6030911
0.5047778
0.0
0.36833048
0.19002762
0.24436752
0.8043203
0.4951722
0.32726607
0.08721286
0.15897806
0.41857865
0.5637766
0.45981377
0.6308571
0.75343597
0.73659873
0.14987712
0.59245956
0.7245301
0.11088298
0.25187844
0.24407564
0.41957325
0.47007892
0.7758857
0.54259056
0.4301374
0.630765
0.45377424
0.44835764
0.64524275
0.6814207
0.34964484
0.51644456
0.10326306
0.7121235
0.2691859
0.27978605
0.17772368
0.473302
0.22057709
0.5234959
0.36791214
0.5021662
0.33374903
0.14148901
1.0
0.55701095
0.8798851
0.75391227
0.6998821
0.5622799
0.6621645
0.33946538
0.7003634
0.3419542
0.7346577
0.42318463
0.69529533
0.7440821
0.5439708
0.53062934
0.4422342
0.5828343
0.69890934
0.30502546
0.526295
0.60699236
0.55886525
0.28178117
0.8446118
0.9175047
0.7239728
0.37309715
0.7271175
0.46378362
0.41586965
0.40092865
0.29798067
0.014352107
0.29170454
0.3691443
0.30217394
0.8267617
0.36419833
0.69386077
0.6504784
0.69576335
0.2931305
